# step time com_z vz_proj speed_proj penetration_depth
6000 1.5 156.662381944039 -6.99999999999998 6.99999999999998 0
6050 1.525 156.488382101946 -6.92349194029918 6.92364919418264 0
6100 1.55 156.316244340777 -6.86536438311261 6.86555904823198 0
6150 1.575 156.144458006735 -6.87695871562301 6.87716097004245 0
6200 1.6 155.972267704446 -6.89808469683564 6.89819271883847 0
6250 1.625 155.799829584688 -6.88697050836776 6.88698134800747 0
6300 1.65 155.627603922745 -6.89892405954384 6.89892417620317 0
6350 1.675 155.455145886798 -6.89020729359312 6.89022202260597 0
6400 1.7 155.283053374141 -6.88673836812971 6.88678607506054 0
6450 1.725 155.110814666074 -6.87520051902039 6.87525268701055 0
6500 1.75 154.939091371174 -6.85775195759883 6.85780045735053 0
6550 1.775 154.767880459627 -6.84975578881726 6.84986153988862 0
6600 1.8 154.596672648931 -6.85113171307034 6.85164123156547 0
6650 1.825 154.425296529575 -6.86115872021899 6.86162622189008 0
6700 1.85 154.253412087263 -6.89585108902348 6.89656103518547 0
6750 1.875 154.080776395233 -6.91765688492925 6.91869415905317 0
6800 1.9 153.907588071063 -6.9210641932187 6.92293973041958 0
6850 1.925 153.734765505114 -6.92109743115288 6.92287822767664 0
6900 1.95 153.561831867551 -6.92853047171782 6.93067144376389 0
6950 1.975 153.38804490496 -6.96365622453098 6.96644240609372 0
7000 2 153.21356965919 -6.99552432971243 6.99799560452395 0
7050 2.025 153.038111553007 -7.04492402921769 7.05117357409868 0
7100 2.05 152.86107790485 -7.12024250661379 7.13066465157561 0
7150 2.075 152.683195556075 -7.12481344774179 7.13617306260067 0
7200 2.1 152.504686588881 -7.13883924256836 7.15426197135272 0
7250 2.125 152.326110965641 -7.15284710600832 7.17459663096415 0
7300 2.15 152.147622525907 -7.12545383393339 7.15270110545462 0
7350 2.175 151.970283739541 -7.07696012853647 7.1154397132421 0
7400 2.2 151.793614704221 -7.06954090195185 7.10950163809759 0
7450 2.225 151.617355823853 -7.00701805882092 7.05131443591048 0
7500 2.25 151.443862416321 -6.9035904632527 6.95668735915861 0
7550 2.275 151.272190020047 -6.86725229500365 6.93063970142261 0
7600 2.3 151.101148464134 -6.79700080025024 6.85908112622848 0
7650 2.325 150.930993725037 -6.81059515083338 6.88387970341148 0
7700 2.35 150.75943787374 -6.93911387270328 7.03508558164835 0
7750 2.375 150.584621783963 -6.97162393308348 7.05071345695328 0
7800 2.4 150.412869268644 -6.76589958877139 6.83455535767536 0
7850 2.425 150.244587670777 -6.72340377740821 6.80273298182701 0
7900 2.45 150.077779346537 -6.62887522202079 6.70813640017848 0
7950 2.475 149.913504973346 -6.55465992186874 6.61428883816599 0
8000 2.5 149.748327426713 -6.6468543969452 6.70195194286145 0
8050 2.525 149.581685602828 -6.63740828563461 6.69275502380869 0
8100 2.55 149.415710923718 -6.63259597807153 6.69979628474834 0
8150 2.575 149.249580264992 -6.67519298988514 6.7389054823426 0
8200 2.6 149.082932686596 -6.66575868546539 6.72259968016333 0
8250 2.625 148.916975617616 -6.63234691110429 6.68609067460004 0
8300 2.65 148.751640351199 -6.58819594015099 6.62787697178332 0
8350 2.675 148.58752738813 -6.53066509293439 6.56361380981231 0
8400 2.7 148.425122809098 -6.50064467844278 6.5428127261329 0
8450 2.725 148.262559692126 -6.46163639535428 6.50457131755935 0
8500 2.75 148.102726797648 -6.35910421819779 6.40295877665927 0
8550 2.775 147.943431282698 -6.38722180734065 6.42967918175402 0
8600 2.8 147.784092824578 -6.39360480860612 6.42739842359236 0
8650 2.825 147.624209425363 -6.39741714271045 6.43203748535025 0
8700 2.85 147.464492349064 -6.39738051437403 6.41943710727012 0
8750 2.875 147.303518944351 -6.45893179584865 6.4845428141595 0
8800 2.9 147.141827469463 -6.5011082290741 6.53043297745641 0
8850 2.925 146.978312114174 -6.56793342477919 6.59674765691504 0
8900 2.95 146.813596018372 -6.64375912680296 6.67561046631868 0
8950 2.975 146.645522476364 -6.78452283007489 6.82692011710862 0
9000 3 146.47436112778 -6.89729181688015 6.95435154526613 0
9050 3.025 146.301690218784 -6.91707085087966 6.98542141855641 0
9100 3.05 146.128150962692 -6.96018203836152 7.04097181191373 0
9150 3.075 145.95214817309 -7.17412589478753 7.26262821152078 0
9200 3.1 145.767828341428 -7.62828062389512 7.75414083208061 0
9250 3.125 145.574954340962 -7.57538000811442 7.69604888486919 0
9300 3.15 145.387781018571 -7.49990117785874 7.61029593540791 0
9350 3.175 145.19850976601 -7.59550561359403 7.71586317618603 0
9400 3.2 145.009661791201 -7.56025663994031 7.67650737782711 0
9450 3.225 144.819733889033 -7.57380785292821 7.66847431340334 0
9500 3.25 144.634127372206 -7.26204837024111 7.37792150116654 0
9550 3.275 144.454049310669 -7.14534351116127 7.26165317035789 0
9600 3.3 144.274647575667 -7.15734207371324 7.27075168220867 0
9650 3.325 144.097330445983 -6.9902351462199 7.09283084291766 0
9700 3.35 143.924523817671 -6.97495493445717 7.09321118172588 0
9750 3.375 143.749340709259 -6.97108545302426 7.06095109087432 0
9800 3.4 143.576420043577 -6.9038981707205 6.97569764627442 0
9850 3.425 143.402398696661 -7.04358138722972 7.105138221769 0
9900 3.45 143.225776528321 -7.03504884052458 7.08148335536407 0
9950 3.475 143.052906975221 -6.76301420947254 6.80477648942702 0
10000 3.5 142.883762246173 -6.8016187983557 6.83572519518388 0
10050 3.525 142.715924243517 -6.55952340117418 6.58993648616898 0
10100 3.55 142.553980665025 -6.51546185341501 6.55740548112049 0
10150 3.575 142.389754990567 -6.6295206748013 6.6511793106265 0
10200 3.6 142.222005015124 -6.72816291319918 6.73917573526696 0
10250 3.625 142.055087614263 -6.58878540106285 6.59539924978873 0
10300 3.65 141.89126663014 -6.54321416188073 6.56034276672419 0
10350 3.675 141.729495431761 -6.38632938304988 6.3996371458809 0
10400 3.7 141.571870088871 -6.25345571946613 6.28027795068056 0
10450 3.725 141.416082043898 -6.20986789871317 6.23294686924808 0
10500 3.75 141.260497112438 -6.21165962556898 6.24102848870974 0
10550 3.775 141.107824609695 -5.96850952377412 6.00821090139851 0
10600 3.8 140.960050200422 -5.93972434870563 5.9639869013744 0
10650 3.825 140.811049381968 -5.93772176596037 5.96654870718735 0
10700 3.85 140.664742966259 -5.81102422841936 5.84645369644881 0
10750 3.875 140.517951419559 -5.8720600668188 5.91498601974853 0
10800 3.9 140.373319050122 -5.70040223351057 5.76977889556921 0
10850 3.925 140.234530104375 -5.52465599521569 5.60889021932538 0
10900 3.95 140.095584893853 -5.57103978158742 5.63768538012696 0
10950 3.975 139.958063948972 -5.493834947466 5.55019267221478 0
11000 4 139.81849022913 -5.66615275705485 5.73929051095782 0
11050 4.025 139.67611635258 -5.69934902486583 5.76529048527092 0
11100 4.05 139.535145451923 -5.57873280092756 5.65485788491284 0
11150 4.075 139.397500694081 -5.50758379521199 5.62886807566864 0
11200 4.1 139.25945218491 -5.48838184679733 5.56970707173728 0
11250 4.125 139.125681369376 -5.17829896331887 5.23336605257727 0
11300 4.15 138.997902510458 -5.06411035810857 5.14845994545668 0
11350 4.175 138.873318123013 -4.90854674275694 5.0054873269677 0
11400 4.2 138.751586658227 -4.92495703698926 5.02038750186167 0
11450 4.225 138.629084560488 -4.83605066508721 4.9606422415154 0
11500 4.25 138.508691641235 -4.77643702086615 4.8706348099959 0
11550 4.275 138.389006653348 -4.72360843439691 4.84579152303767 0
11600 4.3 138.274457084117 -4.46880030044594 4.65049623903636 0
11650 4.325 138.169025087329 -4.04753851301306 4.31632082735535 0
11700 4.35 138.068462142814 -4.01584031490971 4.25047931280521 0
11750 4.375 137.973004046414 -3.65192689591854 3.74989915488924 0
11800 4.4 137.882681455314 -3.67897473549144 3.88565564367485 0
11850 4.425 137.793595486642 -3.26264222339813 3.43342479929162 0
11900 4.45 137.713996210259 -3.30017828612948 3.41214576445819 0
11950 4.475 137.631312007774 -3.17812428580317 3.31014937121735 0
12000 4.5 137.550839512903 -3.21766686307301 3.30080738612783 0
12050 4.525 137.47033567887 -3.22059830265579 3.35716727093296 0
12100 4.55 137.392410666103 -3.01745578213851 3.15856465248899 0
12150 4.575 137.313582207514 -3.24789052916441 3.32900648279702 0
12200 4.6 137.230183401321 -3.35541182830358 3.43040588047071 0
12250 4.625 137.149602743442 -3.02933477013683 3.21513328516206 0
12300 4.65 137.077581349297 -2.74090512869321 2.9677785396758 0
12350 4.675 137.009237566825 -2.70013679271938 2.87210134264319 0
12400 4.7 136.94207522058 -2.69219697548466 2.77899855673355 0
12450 4.725 136.870153179471 -2.97044192256772 2.98647593468131 0
12500 4.75 136.801874355773 -2.52252880031056 2.63243992465516 0
12550 4.775 136.740604887067 -2.38878602848419 2.5290139584275 0
12600 4.8 136.684689165382 -2.13032715880246 2.29669530601023 0
12650 4.825 136.633201805768 -2.06882633234018 2.25820548401097 0
12700 4.85 136.578222217857 -2.30414742710544 2.38643862346932 0
12750 4.875 136.523031026106 -2.1770958008715 2.28203769616922 0
12800 4.9 136.468370827069 -2.13368746973695 2.33155376514498 0
12850 4.925 136.416322631861 -2.02686993001443 2.12134951330202 0
12900 4.95 136.367603855055 -1.85978989799595 1.95529951341206 0
12950 4.975 136.323168382143 -1.70230980160536 1.80408200522127 0
13000 5 136.280646720707 -1.64860061606418 1.6719800054958 0
13050 5.025 136.239964529616 -1.58135608699557 1.59968357182662 0
13100 5.05 136.198252190407 -1.74360947561118 1.77216244204849 0
13150 5.075 136.156397643092 -1.57139472338062 1.64142255681991 0
13200 5.1 136.114274851929 -1.79663402640326 1.83304292033805 0
13250 5.125 136.069737455083 -1.71147009101877 1.7995725440449 0
13300 5.15 136.028460597587 -1.6389633574801 1.82616923022957 0
13350 5.175 135.98913855508 -1.41113006712485 1.55737743871293 0
13400 5.2 135.956629634584 -1.24810756431356 1.37433963757885 0
13450 5.225 135.926195539485 -1.1426269807839 1.17724295597575 0
13500 5.25 135.900133272746 -1.00911634853287 1.13093491524818 0
13550 5.275 135.871769793899 -1.15807152136331 1.20396961162659 0
13600 5.3 135.846617829695 -0.967482995383738 1.04896390085731 0
13650 5.325 135.818482663212 -1.11887239198052 1.24428200190941 0
13700 5.35 135.790918151006 -0.949766983967211 1.34088672566188 0
13750 5.375 135.769605829386 -0.847481048397726 1.43432995793306 0
13800 5.4 135.749183403394 -0.864328980044209 1.49813773549282 0
13850 5.425 135.724679025062 -1.05939307984761 1.40480355700286 0
13900 5.45 135.697105516386 -1.00486828521656 1.21736491176613 0
13950 5.475 135.672516844404 -1.07608021196733 1.39664096067919 0
