Strain_x Strain_y Strain_z Stress_xx(GPa) Stress_yy(GPa) Stress_zz(GPa) Stress_VM(GPa)
0.00149999999999986 8.78096893246196e-05 -0.00133117775811399 0.6297529680923 0.17526446494824 0.0105887287124206 0.555446780943864
0.00199999999999976 -0.000123483592289938 -0.0016311961095747 0.51059340320238 0.0818392158439845 -0.124906191356997 0.561441693883341
0.00249999999999997 -0.000534319037920192 -0.00159104371808957 0.680987553883215 -0.110135214936883 0.19272548328284 0.691375327683409
0.00299999999999987 -0.000561552633523102 -0.00184843196073387 0.574805880797141 0.00999575955744388 0.112461405449772 0.521187152339334
0.00349999999999977 -0.000388533330191404 -0.00215147331915544 0.881257747298762 0.0835319451275781 0.0110147267292149 0.836345657388111
0.00399999999999999 -0.000515521044781053 -0.00234575466509239 0.847336372704171 -0.0997154497086357 0.0856275334063902 0.86932719145031
0.00449999999999989 -0.000569840296400283 -0.00271030114269594 0.745664837311695 -0.0702484325667846 0.204251073794565 0.719094328402818
0.00499999999999979 -0.000747912050610402 -0.00340013999180155 0.826886518333366 0.113052335521574 -0.250898169295413 0.949641785989376
0.00549999999999969 -0.00102964617777697 -0.0032362668675042 0.995704363069459 0.0362329839804482 0.0618087040625981 0.946942592415334
0.00599999999999991 -0.00122276240601502 -0.0032281837038697 1.14149658483193 -0.0312295269240534 -0.0335718291650391 1.17389901549227
0.00649999999999981 -0.00152439180657219 -0.0034092078395845 1.20439708625434 -0.0250960140303024 0.118544481916323 1.16433709768069
0.00699999999999971 -0.00171195329310211 -0.00391586003285836 1.46680086369184 0.132287834558018 0.135200204798541 1.3330592300407
0.00749999999999992 -0.00180981780724202 -0.00443810422441557 1.35186452108402 -0.0459015129815762 -0.208303407660043 1.48563929459074
0.00799999999999982 -0.00201735482349623 -0.00433610390905458 1.70047330473967 0.0572303109686937 0.0911779076371919 1.62653491370954
0.00849999999999972 -0.00224211849411439 -0.00452521580461575 1.5888048365376 0.0235594552139328 0.0916656154120523 1.53232786965525
0.00899999999999994 -0.00205484610895058 -0.00507423946472131 1.64735927650756 0.173815326859079 0.0809392065457756 1.52210866577409
0.00949999999999984 -0.00222720027583986 -0.00555077884005465 1.82848456472531 0.0222833657745253 -0.0729881932548631 1.85567212761197
0.00999999999999974 -0.00257313483268261 -0.00578490217418691 1.85863871192223 -0.0725647817762403 -0.0919872568093784 1.94098761414128
0.0105 -0.00269236396804389 -0.0058296738356444 2.00074185662267 0.0223734784855744 0.18321969793637 1.9030501495284
0.0109999999999999 -0.00255025898375974 -0.00625446851860964 1.97193627647599 0.0945400424468851 -0.0808980276498862 1.97097993599401
0.0114999999999998 -0.00278060109211332 -0.00641100850177502 1.90113237739696 -0.162252629354341 0.0748079331243045 1.95566054980364
0.012 -0.00291746495343942 -0.00664119630263096 2.07102639922346 0.0697907510518334 -0.0143623225993255 2.04461145213749
0.0124999999999999 -0.00314292912786479 -0.00670185277920752 2.27770775826558 0.0196544690766643 0.0489003683835097 2.24357330620554
0.0129999999999998 -0.00319696102228804 -0.00712116583904249 2.24638611065555 0.0355622527488853 -0.158486952599917 2.31395891008868
0.0135 -0.00327097277775693 -0.0074085531564674 2.49894237915857 0.012959072024873 0.0300846993360107 2.47746488710506
0.0139999999999999 -0.00347259506483398 -0.00771587091025557 2.45442244855019 -0.0946692372099795 0.13748416126664 2.44130770796271
0.0144999999999998 -0.00328348463451814 -0.0080209667226027 2.74536786466418 0.0876743780542462 0.0493208900133598 2.6770762921831
0.0149999999999997 -0.00352329580742605 -0.00836373410169534 2.72629751045065 -0.0581783172351993 0.022646758259068 2.74495589378241
0.0154999999999999 -0.00371092060347296 -0.00852407953944481 2.56756208381809 0.131250320426192 -0.0159174638756199 2.51312951700959
0.0159999999999998 -0.00412048749948368 -0.0086363631622062 2.57870636328945 0.166420430248763 0.0150215156481188 2.49143784310526
0.0164999999999997 -0.00452177167647355 -0.00872427992427849 2.68495486709108 -0.0368517048915939 0.178905746014457 2.62059768852055
0.0169999999999999 -0.00475286022347284 -0.00896267139111568 2.8574306993957 -0.0712829362598269 -0.0999753301884942 2.94316472839739
0.0174999999999998 -0.00505444115612744 -0.00918040408011106 2.74549705446056 -0.110408862438215 -0.039884633663058 2.82130496592943
0.0179999999999997 -0.00519532287094431 -0.00957576729316719 2.85573853408182 0.0551433770520042 -0.0711716378337702 2.86584122650117
0.0184999999999999 -0.00564777267324769 -0.00978819175827628 2.83003598024342 0.182033072801337 0.0698692197311795 2.70582895556924
0.0189999999999998 -0.00638486876250779 -0.00988665242144359 2.9259730721333 -0.235482395165359 0.0745082705836108 3.01842230304516
0.0194999999999997 -0.00669857202796303 -0.00996739700090184 3.05876372260868 -0.107860035110675 0.0814104683528035 3.07635837859164
0.02 -0.00705439429159645 -0.0103087350475913 3.11840819110193 -0.180470127550051 -0.0961070865080168 3.25751621284943
0.0204999999999999 -0.007168112529341 -0.0107032231697594 3.44080904717734 0.0210042370533566 0.111377274358941 3.37552574831474
0.0209999999999998 -0.0072076819112275 -0.0113059847714703 3.55522599884075 -0.0298048889631557 -0.0233816419918278 3.58182358384909
0.0215 -0.00718809649731775 -0.0116345962192438 3.51735194936925 -0.0199292151387382 -0.0263690239450887 3.54050546141567
0.0219999999999999 -0.00726758610226637 -0.0118055219025851 3.62107691587081 0.131390040263199 -0.026073367919325 3.57102327122457
0.0224999999999998 -0.00748613406601386 -0.0118768217058983 3.62983314168701 -0.188101953682848 0.10377071548423 3.6806884057838
0.0229999999999997 -0.00738015028269366 -0.0122988815379986 3.4660338661162 -0.0546712005224385 -0.232333641062731 3.61281402283529
0.0234999999999999 -0.00745954097260072 -0.0123308346813879 4.09727835548764 0.211122928602713 0.11183579625636 3.93673813769018
0.0239999999999998 -0.00779266965505376 -0.012276767010133 3.95363678293422 0.0776038356461289 0.127461641790721 3.85134609065459
0.0244999999999997 -0.00829200664668731 -0.0122177391840695 3.92010877794489 -0.0250027550182536 0.0441257734909957 3.91100549806492
0.0249999999999999 -0.00877950059922369 -0.0123210718101233 4.2364326917691 0.0446485623316856 0.143042865203909 4.14346327960491
0.0254999999999998 -0.00897821638262675 -0.0125578182870113 4.10602368948464 0.218264472284439 -0.0480026956359176 4.02749954338391
0.0259999999999997 -0.00939880131391509 -0.0127958376866357 4.00277162775749 -0.0510676061328408 -0.0308674564037867 4.04377699938752
0.0264999999999999 -0.00961548061476005 -0.0131728554480411 4.05640890640705 -0.0812534296840339 -0.11739645254013 4.15585172377361
0.0269999999999998 -0.00973793415217397 -0.0134581233799968 4.23446581701913 -0.0928870947520362 0.00895581277366584 4.27734087937858
0.0274999999999997 -0.00991908281167738 -0.0137305043776869 4.29561649978173 0.0755726637620888 0.0729736236595762 4.22134395614726
0.0279999999999999 -0.0100188986979305 -0.0139648256632825 4.58209396998294 0.10104985232934 0.0703703276018626 4.49646237851579
0.0284999999999998 -0.0103129141601983 -0.0143464752274814 4.50631078934446 -0.248354023302626 -0.00863802708205516 4.63945385010022
0.0289999999999997 -0.0102489708791309 -0.0145303326404503 4.60544720272947 0.185518378556909 0.0117766579422943 4.50931070510111
0.0294999999999999 -0.0106323059703561 -0.0145792417971059 4.5512775632858 -0.0558552513365478 -0.00267843951008862 4.5807759069991
0.0299999999999998 -0.0106592690793757 -0.0145608340199689 4.58789953726172 0.113144678929691 0.133356124313846 4.464683446927
0.0304999999999997 -0.0109664620961016 -0.0149651537166898 4.54177996791898 -0.0353334553441132 -0.121257130083626 4.6206744715812
0.031 -0.0113214050474946 -0.015320152724025 4.63000639381503 -0.0301366617759462 0.202352571204192 4.54835700637631
0.0314999999999999 -0.0114768955249626 -0.0159734672178464 4.52266038643947 -0.137964692376492 -0.0928455314386393 4.63823009034372
0.0319999999999998 -0.0113042195347247 -0.0165188083922493 4.88607940080428 -0.0338021129231958 0.0483451006104384 4.87932656383443
0.0324999999999997 -0.011411029222858 -0.0172391322834253 4.79107062282925 0.0611523447674013 -0.247143735573146 4.89135856953408
0.0329999999999999 -0.0119227693552971 -0.0172171574996976 5.02542213482114 0.00559410301896316 0.0181425332706039 5.01356559446831
0.0334999999999998 -0.0123097206690307 -0.0173985182266947 5.18659983416304 -0.12846657423035 0.155391361814486 5.17897504076431
0.0339999999999997 -0.0121666464270755 -0.0179707062915816 5.0248251965535 0.0389391519470046 -0.136933797915709 5.07610809879375
0.0344999999999999 -0.0121877087139704 -0.0180248152607762 5.17928685502562 0.0432938177268937 0.161799817719473 5.07777728542472
0.0349999999999998 -0.0123663958055312 -0.0184589348384831 5.47764171744559 0.0604381336626412 -0.132354208066064 5.51612716674649
0.0354999999999997 -0.0126266726283379 -0.0184821694585556 5.0996426627734 0.0588962806702078 0.0473235637232424 5.04654269253174
0.0359999999999999 -0.0128628755271037 -0.018475125843768 5.35640437479487 0.100161054926188 0.122792636025253 5.24496414946348
0.0364999999999998 -0.0131010056052711 -0.0187243910209537 5.39163968065841 0.109378493757761 -0.123239183977117 5.40232742076207
0.0369999999999997 -0.0133811283330579 -0.0185872645150344 5.30548495884214 0.0693315940536757 0.111957865614795 5.21497088806348
0.0374999999999999 -0.0138599049700818 -0.0186635247813229 5.34080529566971 -0.230372588170493 -0.04198213404448 5.47941212586191
0.0379999999999998 -0.0142639023468213 -0.0188443100878377 5.45960851629499 -0.0400513859391315 -0.0389591335029222 5.49911385737108
0.0384999999999997 -0.0148235126148667 -0.0190258266300644 5.38608990174518 -0.134129801041179 -0.163427940786349 5.53492692962604
0.0389999999999999 -0.0150829644621738 -0.0189761304338382 5.63039360512296 0.125546793906069 0.0624259182462514 5.53667710915184
0.0394999999999998 -0.0154299127154163 -0.0193702644884611 5.73876711760068 -0.0599421708522949 0.0357056381823843 5.75148190266599
0.0399999999999998 -0.015286194590326 -0.019885629055035 5.77122634053818 0.224830690482346 0.0797960525498135 5.62031664927297
0.0405 -0.0152154476470832 -0.0202881353875144 5.6260033004943 -0.173004267881859 -0.129408881747793 5.77733323962176
0.0409999999999999 -0.0149579194397266 -0.0202159231497508 5.78126333030985 0.0825208070750156 0.0115022453255741 5.73458163077468
0.0414999999999998 -0.0151787544838653 -0.0204475784485229 5.81102996814471 -0.0604879031994882 0.0257633706927277 5.82887085975303
0.0419999999999997 -0.0152568834857625 -0.0209621969922712 5.86741221747988 0.143548367179892 -0.0325494125106841 5.81391327077313
0.0424999999999999 -0.0155528912895939 -0.0212692017902327 6.21133922889985 0.190117388537637 0.0518398329104831 6.09153781661242
0.0429999999999998 -0.0162330368155806 -0.0215434405039359 6.03644630632768 -0.130005716602563 -0.102602422640566 6.15279614436669
0.0434999999999997 -0.0165364412670188 -0.0220554426713059 6.06709442541515 -0.132896256593804 -0.054182865587552 6.16101111540415
0.0439999999999999 -0.0166326362604121 -0.0226157549814867 6.04648253794538 -0.0876676625575363 0.0838879982754895 6.05019684273144
0.0444999999999998 -0.0169690037308958 -0.0229662391436391 6.28058603446144 -0.141320077715683 -0.0638519876327942 6.38352462338769
0.0449999999999997 -0.0171996634122847 -0.0230949037390359 6.20402387302636 0.187571253038763 -0.0654490298160059 6.14686960458599
0.0454999999999999 -0.0179009831677769 -0.0231355920356826 6.22655172058519 -0.240042551067405 -0.0104044531594979 6.35488778199084
0.0459999999999998 -0.0180826848440048 -0.0232643681182722 6.1631901258169 0.0928349607070522 -0.0092222547493315 6.12202181070804
0.0464999999999997 -0.0184088638584429 -0.0235837941899973 6.37815387162375 0.0320678536989689 -0.0317261441816341 6.37822229300952
0.0469999999999999 -0.0186730394725273 -0.0240487167655905 6.12577231429519 0.032975163807854 -0.172300403397438 6.19798496016335
0.0474999999999998 -0.018725170950906 -0.0240981516030523 6.39833597130679 0.204540827967472 0.101384839337926 6.24601204746068
0.0479999999999997 -0.0192521010986539 -0.0242366847517302 6.18293596170937 -0.241659224964146 0.0329576194023665 6.29178318661266
0.0484999999999999 -0.0193047014828603 -0.0243310833990355 6.39180625737104 0.141252259673019 0.101566434894175 6.27049109987012
0.0489999999999998 -0.0196423990069227 -0.0247586112439273 6.31093887615961 -0.188714869851557 -0.166989364842757 6.48881827111767
0.0494999999999997 -0.0198265990266764 -0.024950930523576 6.77357101191578 0.0820601926823642 -0.00699861104930708 6.73648175705675
0.05 -0.0203130070106284 -0.0250513275890523 6.54507508512788 -0.166462197859917 0.228544406060156 6.5230101463082
0.0504999999999999 -0.0201862595638923 -0.0254602725358951 6.72060069768387 0.179313228013436 0.0291574149208507 6.61764315052977
0.0509999999999998 -0.0204513822708038 -0.0259019222672156 6.45236777863898 -0.0617998734571094 -0.0352569336554566 6.50093682229115
0.0514999999999997 -0.0205737316904107 -0.0263560268457928 6.68847360737765 0.139355125817615 -0.064477490128198 6.65337693003109
0.0519999999999999 -0.021078558044685 -0.0266376356817017 6.82479544902232 0.0344321239968973 0.0172025021684819 6.79899450932904
0.0524999999999998 -0.0217581726628866 -0.0269136528029164 6.64441373386233 0.0451135590962642 0.0729698103486928 6.58541623617238
0.0529999999999997 -0.0222475526184166 -0.027158728608476 6.91571120219585 -0.0689172822824278 0.117360346319715 6.89337757491546
0.0534999999999999 -0.0223776593817418 -0.0274627672700188 6.83088026992724 -0.129043939770609 -0.0255863644739196 6.90877641783554
0.0539999999999998 -0.0222976173495865 -0.0277127485173802 6.85520747572755 0.169741979624037 0.0602895599158495 6.74085818773802
0.0544999999999997 -0.0225742636981414 -0.0279556936286969 6.77510397936775 -0.147331126228219 -0.00971515256898012 6.85466325214041
0.0549999999999999 -0.0226175078734935 -0.0281479109521532 7.00990340663462 0.165060711940422 -0.103423260041886 6.98295680300154
0.0554999999999998 -0.0229332959348062 -0.0283233455710052 6.89553343727668 -0.0831614759246724 0.202381351084094 6.8403948075569
0.0559999999999997 -0.0231906698066231 -0.028946866578353 7.01326601706533 -0.0302858060792089 -0.0864475751773572 7.07179996611565
0.0564999999999999 -0.023593652763228 -0.0291761950707341 7.08414854154353 0.246524592249939 0.0635423690221801 6.93092687869435
0.0569999999999998 -0.0242035273843454 -0.0293149286589021 6.99647522638828 0.104793004194345 0.142090731990156 6.87310925888888
0.0574999999999997 -0.0247696620074593 -0.0294827860618343 6.92948674246035 -0.0703581519636574 -0.0549957702399611 6.9921763607257
0.0579999999999999 -0.0250361473830293 -0.0295748659353097 6.91416305759542 0.0649885165335491 0.101070202745881 6.83120516566484
0.0584999999999998 -0.0253289369520959 -0.029870142146656 7.05308953153055 0.201006551111918 0.0325455827051767 6.93784756267417
0.0589999999999997 -0.0256487921249133 -0.0301624947077123 6.96258601204326 -0.174000863455119 0.183047674549931 6.96492986179937
0.0594999999999996 -0.0253977512309752 -0.0309165727194513 6.88984613241368 0.0883796419555263 -0.052577073483073 6.87302899696437
0.0599999999999999 -0.0255928230168308 -0.0315564835164808 6.99146997592083 0.0502218225188773 0.0296564629071254 6.95155364832575
0.0604999999999998 -0.025717315644191 -0.0322043287138446 6.88241670400946 0.252519924328816 -0.144305108515551 6.83695183713204
0.0609999999999997 -0.0261265339083443 -0.0324671821376996 6.7164836075587 -0.141293418189829 -0.174205609745144 6.87429221217373
0.0614999999999999 -0.0265565607523471 -0.0326012985976767 6.80934954782389 0.0841346533671535 0.117101582689287 6.7087921797407
0.0619999999999998 -0.0272471835085252 -0.0329470221563093 6.56192176738156 -0.0954130358805498 0.0981851582740242 6.56267772694279
0.0624999999999997 -0.0276744283610432 -0.033279859506758 6.6529702411387 -0.00194114608227717 -0.184173474512125 6.74787330874521
0.0629999999999999 -0.0281324048693148 -0.0333533752025822 6.90257186546287 -0.0175533552924595 0.0492761353217848 6.88695366677168
0.0634999999999998 -0.028457311921659 -0.0338778300070124 6.60406771444672 -0.160495780808789 -0.0712923783231253 6.72040582466947
0.0639999999999997 -0.0284946087318684 -0.0345394131155559 6.69627167326649 -0.00248371902381198 0.0432624927715993 6.67599983812842
0.0644999999999999 -0.0286296177180455 -0.0352502407291582 6.82003731566895 0.244375105358971 -0.0390027734147948 6.72183261729772
0.0649999999999998 -0.0293691983589012 -0.0356896704633889 6.72185766682738 -0.136777134030342 0.0738846950908414 6.7557676977056
0.0654999999999997 -0.0298043466562382 -0.0362919158999982 6.61989964682099 -0.0495802930844583 -0.0195326085743266 6.65450697670869
0.0659999999999999 -0.0300052418422897 -0.036977878152075 6.60399371861992 0.0111266423710078 0.105671485225272 6.54610673841438
0.0664999999999998 -0.030148388572497 -0.0378714177377267 6.81036912886698 0.21975529041062 0.109706572730109 6.64632154575485
0.0669999999999997 -0.0303365002305719 -0.0383766383352828 6.95911934062205 0.279392010749768 0.138406783297854 6.7513240858902
0.0674999999999999 -0.0307864515352205 -0.0386338930705044 6.70906152161452 -0.125914915563722 0.218955450593929 6.66923216267562
0.0679999999999998 -0.0309638606945807 -0.0394204932132209 6.70026564688146 -0.0832367389885466 -0.100686210332551 6.79224393213675
0.0684999999999997 -0.0312071458121579 -0.040148991557061 6.8171657479493 0.00066139415447898 -0.0528574841019557 6.84342074859341
0.0689999999999996 -0.0314060899974974 -0.0405491450567715 7.20806731579705 0.103650111038611 0.0863557581112522 7.11308014944252
0.0694999999999999 -0.0317969820057499 -0.0410016865772173 6.83020351096524 -0.0659633801614398 -0.0571091351132853 6.89174403445022
0.0699999999999998 -0.0320137174735916 -0.0411557756365543 7.0241540161412 -0.00458326809676851 0.249930738397732 6.90499913856114
0.0704999999999997 -0.0320743696996973 -0.0419690581411461 6.86921493258214 0.0883235429211833 -0.150802067622146 6.90356095718554
0.0709999999999999 -0.0322923776796467 -0.0423973278362089 7.0015694210286 0.260158413064064 0.0738207578581557 6.83648468293877
0.0714999999999998 -0.032703824424085 -0.0428035073480555 6.91431469971319 -0.0277988616338839 -0.0992475582759861 6.97811225051522
0.0719999999999997 -0.0331654221613062 -0.043121007371057 7.02481240171522 0.0431001542974265 0.053833203114631 6.97635191527071
0.0724999999999999 -0.0337839308647172 -0.0434521746952945 7.23850778227442 0.045980510131893 0.217286928762698 7.10842235391813
0.0729999999999998 -0.0343057872850115 -0.0438616853069807 7.15696133356385 -0.0852564217237231 -0.108101045075992 7.25366704699584
0.0734999999999997 -0.0346910108951383 -0.0438593420302167 7.13341628899814 0.147207431286048 0.19080491433426 6.9645124611747
0.0739999999999999 -0.035153481381032 -0.0442746671586842 7.28904198873395 -0.0329936126523202 0.026508490413113 7.29246661502367
0.0744999999999998 -0.0353168790185715 -0.044765813780916 7.3342738527841 0.0719782820783755 0.114867571131944 7.24094619186492
0.0749999999999997 -0.0354280934165925 -0.0451970183688784 7.20538506851681 0.0580292840577217 -0.0700267397513223 7.21223647819322
0.0754999999999999 -0.0358746927563572 -0.0452342345292393 7.38627787748244 -0.233536020677351 0.0621296037385748 7.47636709705441
0.0759999999999998 -0.0362051319194236 -0.0454422489688577 7.18387330463938 0.0335581945526038 -0.0787221843532673 7.20711129003011
0.0764999999999997 -0.0365086371681302 -0.0455849580083039 7.45310040378799 -0.00367505313406833 0.252984946365936 7.33181550403808
0.0769999999999999 -0.036845642032325 -0.0464210663643539 7.40393062331614 -0.0683190484554486 -0.31904764086381 7.60071619169331
0.0774999999999998 -0.0370058900136203 -0.0463775379966634 7.46219651072182 0.124924029253815 0.126668604348631 7.33640034949122
0.0779999999999997 -0.0372887036193357 -0.0466347315669361 7.41788084549426 -0.140455712413747 0.0655898570109745 7.4574489297152
0.0784999999999998 -0.0373144027558691 -0.0469413188934561 7.25486067585131 0.0941230576255214 0.0570478247809571 7.1793470332962
0.0789999999999998 -0.0374036884393867 -0.0474975670119584 7.45055507471428 0.107421499655986 0.0929133436418227 7.35039839160294
0.0794999999999998 -0.037613224267371 -0.0481989545929803 7.23390380869697 -0.22828029787778 -0.279043891990204 7.48769496361079
0.0799999999999997 -0.0376364936882464 -0.048566365003757 7.45392147123988 -0.00511832532885555 0.127659684588174 7.39354503784439
0.0804999999999999 -0.0376996884456825 -0.0493619222412065 7.24937130328935 0.0918701237745543 -0.0625736721575769 7.2359593470673
0.0809999999999998 -0.037896394073548 -0.0496798570910579 7.31739185530568 -0.185708335228501 -0.0726184316091441 7.447199266711
0.0814999999999997 -0.037857774811941 -0.0500775725902176 7.63095207963834 0.0774558617775669 -0.0199757437078899 7.60268027043877
0.0819999999999999 -0.0377932342288225 -0.0505907380027611 7.58168062331645 -0.154525346367635 -0.0612791375767889 7.69000687800287
0.0824999999999998 -0.0375764651064995 -0.0512205534267983 7.88566269710576 0.249354955605444 -0.134372181760851 7.83522181871981
0.0829999999999997 -0.0379598908059454 -0.0513663794776725 7.63412386492119 -0.201035917473437 0.103893619646554 7.68723221924222
0.0834999999999999 -0.0380291938024959 -0.0515207371437993 7.79850007195062 -0.0192258685911978 -0.179139162200328 7.89889672337719
0.0839999999999998 -0.0383778286561077 -0.0515617604919596 7.83244437497865 0.126213587207266 -0.0190435255849418 7.77987643976139
0.0844999999999997 -0.03897890331182 -0.0519050722377589 7.57886355979538 0.0364936488762231 -0.0340067167556252 7.57786605919789
0.0849999999999999 -0.0391868167422831 -0.0519809664965215 7.75488148011653 -0.0173510463487577 0.0326601915015223 7.7473479720384
0.0854999999999998 -0.0394112079083445 -0.0521414025957657 7.80891523972993 -0.0111451814161225 0.0394204685933014 7.79490060469199
0.0859999999999997 -0.0399238414289504 -0.0525158266071059 7.81509184947215 -0.135691045044708 -0.087668273753625 7.92688060927979
0.0864999999999998 -0.0401276806447492 -0.0526530816529168 7.67395149144511 0.00781164512187819 0.110613279420119 7.61525945811686
0.0869999999999998 -0.0404120127700445 -0.0530913703333728 7.66136447915436 -0.0363345917278984 0.112823736068894 7.62421427239011
0.0874999999999997 -0.0405218983620846 -0.0537415968257147 7.86256672938876 -0.0438347543019106 -0.0621914689691589 7.91559580488798
0.0879999999999998 -0.040672941256464 -0.0541777592126735 7.86950882687068 0.280043906163839 -0.0352534654754646 7.7519241841526
0.0884999999999999 -0.0414306880610461 -0.0544289854695772 7.82342652224915 -0.0233313768239379 0.299179349034032 7.6905759933374
0.0889999999999997 -0.0417088610947834 -0.0553263160873796 7.53838568526408 -0.12609544787904 -0.113562037552052 7.65822212002865
0.0894999999999996 -0.0414037878853999 -0.0560201311626891 7.87858913140016 0.136196496675673 0.0580039109754758 7.78178356742911
0.0899999999999999 -0.0415365019851219 -0.0567356456448695 7.91023372629419 -0.0112641296394533 0.0356369449716963 7.89815176040495
0.0904999999999998 -0.0417798338157738 -0.0573783054554147 7.89754452026187 0.0412664787525327 0.00943149575045751 7.87224381034757
0.0909999999999997 -0.0420781699396668 -0.0578772554538956 7.67128459004854 -0.039951380113781 0.16069861537915 7.61289440000047
0.0914999999999999 -0.0421696499399373 -0.0587558471593808 7.73905003740566 0.049162965199887 -0.117622550209947 7.77462168662947
0.0919999999999998 -0.0422259933470236 -0.0592414179746907 7.95173249038461 0.0945950251589575 0.0151986789843253 7.89713498259775
0.0924999999999997 -0.0425846783419417 -0.0596287028334562 7.9054549468718 -0.0492939200428799 0.0907550861104364 7.88565714362438
0.0929999999999999 -0.0426932505487392 -0.0601666221512427 7.67183973334317 0.0286771259026865 -0.0273487778522658 7.67132900078571
0.0934999999999998 -0.0427332457590022 -0.0603698553837653 7.89668969835659 0.191105001229512 -0.0521671091496973 7.83005559975555
0.0939999999999997 -0.0431767796779171 -0.0606773839874553 7.65715647387811 -0.186147046457238 -0.090664857939144 7.7960009732616
0.0944999999999999 -0.0432301633762596 -0.0609681071499748 7.63116274772775 0.0435514562788949 0.0738094024114086 7.57252765724201
0.0949999999999998 -0.0433859323604373 -0.0613523153019668 7.75957454966204 0.129230373731168 -0.0584765195542326 7.72590799329835
0.0954999999999997 -0.0437806302214276 -0.0614443111608422 7.70011215020809 -0.260310346703213 0.0300248537038685 7.81929856169728
0.0959999999999998 -0.043768736195125 -0.0617547022856185 7.65451805705068 0.162875998594024 0.0544927176673957 7.54641745555098
0.0964999999999998 -0.0440818136921843 -0.0622680953590986 7.72134253459357 0.0407969964285784 -0.132573964763893 7.7686820514451
0.0969999999999997 -0.0444571666628209 -0.0624125041937593 7.96645539099781 -0.0876483267669219 0.169086825092128 7.92885414758292
0.0974999999999998 -0.044525698853424 -0.0628878893770858 8.14139504097891 0.0494187996214702 -0.0198426303673241 8.12682831627992
0.0979999999999999 -0.0445056151180623 -0.063225442592216 7.90517436419004 0.116812962351871 -0.140655073303808 7.92023466989045
0.0984999999999997 -0.0448735011228019 -0.0633133680667069 7.89790056203699 -0.0685137917698055 -0.207746191590861 8.0369351313886
0.0989999999999996 -0.0454398371724759 -0.0634378657783725 8.03444566274537 -0.0997489038721892 0.00383252604987997 8.08290163590655
0.0994999999999999 -0.0458033500084837 -0.0637496941821642 8.12139354574615 0.136753780208421 0.156599204072612 7.97473557340334
0.0999999999999998 -0.0461092688740922 -0.064025747256919 7.92244965687648 0.03785611597592 0.143635639609033 7.83223953055789
