# Strain_x Strain_y Strain_z Stress_xx(GPa) Stress_yy(GPa) Stress_zz(GPa) Stress_VM(GPa)
-1.47125473857433e-16 -1.47125473857433e-16 7.07573578447456e-16 0.812309582247837 0.633263301708923 -1.42872657396694 2.15709328396183
0.00024999999999992 -0.000887659592251843 0.00157021031666318 1.35622873094019 0.63124273660312 -0.00588878883497595 1.18044597724132
0.000499999999999986 -0.00257633427142006 0.00281769443212751 1.3682792371531 0.0118719731983243 0.238741393099025 1.25840497069618
0.000749999999999758 -0.00326144879932354 0.00302228565185766 1.40550711938279 -0.293311139740567 -0.0160625685091868 1.57856115265042
0.000999999999999825 -0.003052233898255 0.00299227092924053 1.81103881846436 -0.0338158442176415 0.233412011791657 1.72681872160617
0.00124999999999989 -0.00290847812450592 0.00243717464803954 1.76116612266826 0.00843344295240678 -0.0515786192642318 1.78349611627826
0.00149999999999996 -0.00285179740809847 0.00209483437317957 1.67788639823433 0.0339174856844274 -0.129556375618014 1.73150322978484
0.00174999999999973 -0.0029207721705033 0.00216702884133301 1.92533623255054 0.250524234967657 0.00133553038094403 1.81230087729525
0.0019999999999998 -0.00341569367849537 0.00220732954473819 1.94363181399993 -0.136596720811796 -0.0528128274809728 2.03962762585777
0.00224999999999986 -0.00367156282458847 0.00237477584937695 2.169008958951 -0.0187010694748389 -0.033590809588757 2.19519277208256
0.00249999999999993 -0.00383784796022924 0.00239160113907569 2.12956290825897 0.153110171027852 0.0599466341613034 2.02464273257281
0.00275 -0.00398702200990102 0.00213770467567219 2.21065693130061 -0.0483006992282116 -0.157095432896401 2.31527289198907
0.00299999999999977 -0.00399092458134307 0.0021227743464855 2.32102336496519 0.0936380260032288 0.0821557968684888 2.23314859305016
0.00324999999999984 -0.00414372173047591 0.00196767438092774 2.47356169570731 -0.0898734852073449 0.0124350606732027 2.51384280325814
0.0034999999999999 -0.00413605710087863 0.00181536201278784 2.68013297415307 0.0074774500296567 -0.0735877236141722 2.71409623947982
0.00374999999999997 -0.00416658311801863 0.00179662125051195 2.90172896136066 0.0859636319068814 0.0656148700513591 2.82599465689394
0.00399999999999974 -0.00442336290295609 0.00168134140478466 2.76577311061728 0.0245271612227469 0.00212736499778955 2.75251420643233
0.00424999999999981 -0.00460583640942661 0.00161327171965237 2.98185928173709 -0.0819395691535446 -0.0959812353021965 3.07084376152839
0.00449999999999987 -0.00459339953249749 0.00167397699840095 3.24144969111928 0.0422244999419163 0.212305876034023 3.11766593390203
0.00474999999999994 -0.00470671139887207 0.00132472174362122 3.07350290182598 0.0796108353467303 -0.0840278409716481 3.07897448136768
0.00499999999999971 -0.00487845946654668 0.0012112339095581 3.21381408969441 -0.105247959367829 -0.114146301260798 3.32352015412728
0.00524999999999978 -0.00489722536869937 0.00129335036609681 3.29428980859455 0.147027043198744 0.186102338950425 3.12790817797116
0.00549999999999985 -0.00514049000274562 0.00101854749265682 3.34891260981932 -0.084485088609465 -0.163266926159774 3.47345875363838
0.00574999999999991 -0.00520416936145655 0.00109214378667091 3.63020831395825 -0.0506441531811059 0.0250098551124326 3.64361457494347
0.00599999999999998 -0.00528111356035091 0.00111730195062265 3.85606381318249 0.0462245003550419 0.118459137095962 3.77424046312728
0.00624999999999975 -0.00557690259427822 0.000828926259719316 3.59770957996266 -0.102813771187476 -0.139562136370897 3.71903370490628
0.00649999999999982 -0.00559295162832429 0.000814422341778034 3.85386559517342 -0.0579684455965629 0.00233889919595821 3.88203171214442
0.00674999999999989 -0.00554242166582166 0.000772642351473971 4.01994218568696 0.16598680835002 0.0966244463293862 3.88910049187002
0.00699999999999995 -0.00584058387398925 0.000574758770368176 4.02782555343987 -0.150197931794057 -0.0749686520878458 4.14092139388103
0.00724999999999972 -0.00583529433082909 0.000594338299583872 4.24228794115063 0.105920051061876 0.00285198115507851 4.18885304159116
0.00749999999999979 -0.00591436730462992 0.000497327614104068 4.45048985914453 0.0781642431088872 0.0361066643804823 4.39350538424532
0.00774999999999986 -0.00609024955445721 0.000246755664495164 4.27685094836262 -0.111557927337289 -0.0357810658236054 4.35101536901713
0.00799999999999992 -0.00605337443734195 0.000131371969068211 4.44050325291309 0.0262097167328499 0.0155851772577437 4.41961538375587
0.00824999999999999 -0.00614695214089641 2.8431587858149e-05 4.56921281733857 0.0866323997298573 -0.0302158745279313 4.54213193396509
0.00849999999999976 -0.00649059775013617 2.01240986301808e-05 4.65046517469532 -0.12533905902796 -0.111035346928567 4.76866846679729
0.00874999999999983 -0.00666447589222052 0.000194338931610685 4.7386318114009 0.0353541590007837 0.179340576239911 4.63296283877453
0.0089999999999999 -0.0067775379936294 4.68738557410248e-05 4.94055412191498 0.0105258388307266 -0.0652351885997717 4.96834203867607
0.00924999999999996 -0.00686161838371465 -9.54105608614826e-05 4.94607779957683 -0.0712212574691243 0.0808345963250386 4.94302550252854
0.00949999999999974 -0.00683669458172404 -0.000321346576988291 4.99047741853584 0.0515039766854905 -0.00996347925209459 4.96999225752479
0.0097499999999998 -0.00683781808595899 -0.000524159781620181 5.12923205335799 0.0205075578794787 -0.0602345224402148 5.14957030224674
0.00999999999999987 -0.0068350575263744 -0.000615580263184738 5.38270976559354 0.116911306620541 -0.0531411497751896 5.35285094237471
0.0102499999999999 -0.00701630665132689 -0.000664178343858876 5.34640816939153 0.0330071333615065 0.0770191585950448 5.29153230053228
0.0105 -0.00720867413319105 -0.000769851110645361 5.49853567988173 -0.0940948408298064 -0.0559559166775627 5.57365892457448
0.0107499999999998 -0.00725598480727894 -0.000768127248967079 5.6885295851002 0.069777804531048 -0.0142002556796243 5.66120797724154
0.0109999999999998 -0.00750939511710027 -0.000874768848908426 5.64518898895727 -0.0328978953638731 -0.0370743065801738 5.68017624146128
0.0112499999999999 -0.00769029270476528 -0.000983574722072056 5.71313533780821 -0.035618764957405 -0.162846594685633 5.81341226500048
0.0115 -0.00766713464003822 -0.000928126630673279 5.9330257965923 0.0829758394877346 0.170321614922269 5.8068697794312
0.0117499999999997 -0.00780495790916428 -0.00112759645072254 5.97930395740769 -0.130209741777824 0.101323368203669 5.99710017544365
0.0119999999999998 -0.00787982888033435 -0.0013401458311642 6.07477521722833 -0.0350965540208382 -0.138836032477489 6.16239643738411
0.0122499999999999 -0.00789704737246016 -0.00128620074334924 6.32272410321464 0.108486315491474 0.0377646212501092 6.24989874039327
0.0124999999999999 -0.00815717934422891 -0.00142050067032125 6.26100142416439 -0.0547467882045595 -0.0484904857752486 6.31262238633658
0.01275 -0.00825012606516244 -0.00161357614379122 6.20523624629656 -0.13061559929863 0.00386722733822678 6.26969225517842
0.0129999999999998 -0.0081296227404581 -0.00172090957779315 6.51864956603831 0.0283880468478335 0.095638728901869 6.45689884757743
0.0132499999999999 -0.00816741909369243 -0.00196553233555652 6.56409608770782 -0.0268545192692619 -0.0012353211886318 6.57817842398502
0.0134999999999999 -0.00829883128079903 -0.00209190795587796 6.51826372614951 -0.0253741331223148 -0.00551140578342091 6.53372913936825
0.01375 -0.00850548408513029 -0.00205409655147912 6.6503831248579 0.0819160733275543 -0.0576678031750361 6.63935954436506
0.0139999999999998 -0.00874930795705694 -0.00193639230569553 6.85612919438935 0.0500963596293126 -0.00371529259897427 6.83309757823681
0.0142499999999998 -0.00893645455772023 -0.00198735726969108 6.92155741442543 -0.0596542531450597 0.0662216115756271 6.9191325341612
0.0144999999999999 -0.00888826432281568 -0.00221218974010841 7.00597068877855 0.0493269148035748 -0.0156668768526898 6.98936731378536
0.01475 -0.00890311750405255 -0.00234941107200391 7.0403202666369 0.174742894601948 0.0332711438308708 6.93739519982397
0.015 -0.00919022126215596 -0.00242674834187712 7.04009420926948 -0.0403685422432064 -0.0241338565671756 7.07235938378176
0.0152499999999998 -0.00923193654473745 -0.00245317080585242 7.14440061329976 0.0676397468480732 0.132442596428015 7.04458298980953
0.0154999999999999 -0.009301961306651 -0.00264223918004801 7.26682247874363 -0.0106663587957352 0.0294161699254523 7.25753058789765
0.0157499999999999 -0.00939555283233728 -0.00281143878875638 7.42948201158247 0.0518554223778886 -0.176345908352987 7.4943334688535
0.016 -0.00960255366475262 -0.00273543352639767 7.4709232375281 -0.0196559017323828 0.0872312052299827 7.43771163473625
0.0162499999999998 -0.00977308569604704 -0.00282269145490404 7.61061249997195 -0.0894656230324914 0.00148462017976408 7.65500823442218
0.0164999999999998 -0.00981169922083611 -0.00291632203742205 7.58737554446202 0.0254313669924341 0.125831071992916 7.51224752516065
0.0167499999999999 -0.00987359513363573 -0.00324019992673439 7.63358127441472 -0.0238312250669829 -0.166217466730195 7.7295892656531
0.017 -0.00990689727907674 -0.00327088924344907 7.74200609397306 0.0256006122120841 0.0343194908813793 7.71204973885915
0.0172499999999997 -0.0101133531310645 -0.00328287988777129 7.75433128139744 0.0140830881245437 0.0821921454984642 7.70641939741646
0.0174999999999998 -0.0104335410201019 -0.00333326692496809 7.78595079615469 -0.128591203962197 -0.0891192965422255 7.89488005190639
0.0177499999999999 -0.0104714270445829 -0.00325120288816614 7.99122483427194 0.123523767519437 0.0961443924580454 7.88142642193244
0.0179999999999999 -0.0105498249955476 -0.00348609273819267 8.02430882580489 -0.0341123616324004 0.0746661661874184 8.00458628593205
0.01825 -0.0105903663822465 -0.00380707391079563 7.98454071046991 -0.0583358038410608 -0.116603274635456 8.07216797366162
0.0184999999999998 -0.0105720520595444 -0.00384151533307622 8.1432744103337 0.151815045492544 -0.00535453042228007 8.0711919401544
0.0187499999999998 -0.0108142719403974 -0.00385813618823923 8.19051255966355 -0.00531558048496701 0.084135755727907 8.15147058302324
0.0189999999999999 -0.0111067272594914 -0.0037835459326034 8.26529886756098 -0.0103195473546332 0.0121089302520126 8.26442700152879
0.01925 -0.0113075050390549 -0.00370821901178483 8.39197175578053 -0.0405513033566615 0.182652768475678 8.32316596722326
0.0194999999999998 -0.0113271254542743 -0.00404833496302349 8.33159797396882 -0.0123359435994972 -0.082798527491195 8.37938740840457
0.0197499999999998 -0.0111958393730724 -0.00427078351246229 8.49073797895226 0.0509953438898365 0.0316089711582276 8.44945250143584
0.0199999999999999 -0.0113572383911921 -0.00439626753960507 8.50958119768799 0.048520132502397 -0.0728002643083581 8.52236893553372
0.02025 -0.0116273136585379 -0.00434362843772422 8.53979280099968 -0.00375970157139818 0.00460274650663763 8.53937434947793
0.0205 -0.0118163406819797 -0.00429271316542588 8.6654671964284 -0.00769468389114825 0.0568540802116684 8.64106831733999
0.0207499999999998 -0.0119370362540115 -0.0044834278443432 8.78810146877941 -0.124056164255914 -0.0330767697279303 8.86701800048398
0.0209999999999999 -0.0119373714915988 -0.00464715370827241 8.74515891082333 0.0215541326896421 0.024051696565858 8.72235626437822
0.0212499999999999 -0.0120045705341894 -0.00481951319233013 8.85258225616269 -0.00665896234484179 -0.0609303713469473 8.88650121572916
0.0215 -0.0121464016748591 -0.00480409642713404 8.98966809191262 -0.0395193317222977 0.086800168742395 8.96669502672913
0.0217499999999998 -0.0122610188063649 -0.00494060011279213 8.96785320403073 0.0147369303123116 0.0382171313917535 8.94139929542182
0.0219999999999998 -0.0123436346777864 -0.00513494709507499 8.97041744921538 0.0471797375209052 -0.100038773224224 8.99775029194814
0.0222499999999999 -0.0124361040472072 -0.00516341034118783 9.07087289150889 0.0684980853609111 0.0377945400267753 9.01776578100359
0.0225 -0.0126914474598773 -0.00522472544533844 9.14547758199303 -0.114919118360499 -0.0305913811934358 9.21852211128031
0.02275 -0.0127818104309968 -0.00519781404627827 9.22326904322658 0.0263058170658172 0.138867167594559 9.14120233008144
0.0229999999999998 -0.0129640968951702 -0.00529958572912477 9.23439726403888 0.0756128291512958 0.013083340373216 9.19020872288807
0.0232499999999999 -0.0131873223256711 -0.00539338688460621 9.23173814885373 -0.0388112606883232 -0.0330033115945665 9.2676467999159
0.0234999999999999 -0.0132225640342233 -0.005476429851767 9.34235202228789 -0.0575843220714735 0.103890890646751 9.32024789378412
0.02375 -0.0132038031623163 -0.00572178374651257 9.45161672275514 0.101684498026347 -0.116230956394164 9.46077240408255
0.0239999999999998 -0.0133213751782086 -0.00578402136832798 9.63222002447872 0.0406368674699141 -0.116946446789347 9.67133772658275
0.0242499999999998 -0.0134357010451803 -0.00579645568939154 9.68218474263499 0.0598758964602318 0.0112748418488692 9.64670119530001
0.0244999999999999 -0.0136656422901939 -0.00593227792561826 9.5395696095836 -0.0445376344155633 -0.00773380099961745 9.56575842786042
0.02475 -0.0136312297321101 -0.00615141487667505 9.7207460903793 -0.0529563672928305 -0.0224836413213025 9.75850177852187
0.0249999999999997 -0.0135808525273096 -0.00633823740727327 9.70384667530417 0.0966481911597986 -0.00184826753696547 9.65682345778398
0.0252499999999998 -0.0137755214760944 -0.00650985881220455 9.68178966836416 -0.0364236483432912 -0.0570029960455489 9.72851931536712
0.0254999999999999 -0.0138875131332557 -0.00651664699535439 9.77349214430739 0.0336312805757375 0.0176065548666538 9.74788310534505
0.0257499999999999 -0.0140931513398481 -0.00651705599175939 9.88893554932838 0.017030394985912 0.02812920681062 9.86636043038657
0.026 -0.014274815077619 -0.00664304802279745 9.89323604493662 -0.0602261280889437 -0.0882239505524623 9.96749057560283
0.0262499999999998 -0.0142795049314275 -0.00664789997021325 10.0474604394512 0.124530305302815 0.0611471063123496 9.9547730728714
0.0264999999999999 -0.014449962600705 -0.00678099055999916 10.1506737634167 -0.0264963468724477 -0.0266754446475353 10.1772596603586
0.0267499999999999 -0.0145484986777391 -0.0069444026596395 10.11684397442 -0.0486297844413666 -0.0572188716949776 10.1697710227718
0.027 -0.0145517972285831 -0.0070113187297338 10.2179948304471 0.0584940014865749 0.12500234386201 10.1264104644123
0.0272499999999998 -0.0146859848050051 -0.00724266193444922 10.1184838675675 0.016258096298811 -0.0168659573160588 10.1188284600882
0.0274999999999998 -0.0147440925102757 -0.00738487922174933 10.2766034841678 -0.0292261007437075 -0.0129159569514968 10.297684200421
0.0277499999999999 -0.0147197663999307 -0.00752390559709668 10.340524348287 0.0583159653633792 0.0416702191134572 10.2905413532216
0.028 -0.0149014581551409 -0.00766419527680825 10.4128340320956 -0.0484662473234965 -0.068385409089733 10.4712740696503
0.02825 -0.0151765801447249 -0.00748527893232782 10.4516822688293 -0.00153255489964697 0.142533584244389 10.3819314629878
0.0284999999999998 -0.015364142328521 -0.00753770369425925 10.5569127083066 -0.0560025157439868 0.103244768369625 10.5341943842149
0.0287499999999999 -0.0153280958933427 -0.00781776826962392 10.6039092787188 0.0100051072251655 -0.00208359473851422 10.5999536924303
0.0289999999999999 -0.0153382377555206 -0.00800989162645598 10.5904048471656 0.143411306825187 -0.0792399706467036 10.5600797383718
0.02925 -0.0156806024677669 -0.00790129686772468 10.6839189853115 -0.0430336754756558 0.01272514805984 10.6991822198093
0.0294999999999998 -0.0159181286500644 -0.00789932407103434 10.7162457591465 -0.133141153257987 0.0883681775973491 10.7403455402306
0.0297499999999998 -0.0158032255253987 -0.00823908934266035 10.7604594628706 -0.0236441316584813 -0.0481861572096894 10.7963955278842
0.0299999999999999 -0.0156826194824211 -0.00844194350481181 10.8192872879799 0.166527591936907 0.0108609792582827 10.731439803377
0.03025 -0.0159987233775418 -0.00850144262240935 10.8091177099291 0.00647282454625261 -0.0881151914077279 10.8502481150992
0.0305 -0.0162820011582036 -0.0084089223070512 10.7891867618966 0.0499517530948272 -0.0182459878292812 10.7734957684585
0.0307499999999998 -0.0164403683150212 -0.00841797906644428 10.8033242160614 0.160745366635504 0.0772060608765384 10.6845934424488
0.0309999999999999 -0.0165897518114327 -0.00864643547618514 10.8263357048132 -0.021569842817576 -0.0888064218479511 10.8816796307622
0.0312499999999999 -0.0165989362285282 -0.00873837867475731 10.906360345944 0.0515683263247906 0.0942093753008988 10.8335344338823
0.0315 -0.0166481717119314 -0.00900608196120354 10.8827224368345 -0.0877701860677379 0.014596076840528 10.9196693589534
0.0317499999999998 -0.0166053734372292 -0.00929689232801745 10.9316939944321 0.0317897676423283 -0.142575306607516 10.9881244051079
0.0319999999999998 -0.0167164618126014 -0.00930466600943318 11.0770118970723 -0.00368609956498607 0.0444406385372566 11.0567131836332
0.0322499999999999 -0.0169326399681392 -0.00938298313868351 11.0360492039748 -0.0180712212785283 -0.0596690102482991 11.0749779106211
0.0325 -0.0171976751129111 -0.00933032338224593 10.9964892405781 0.0372984026170705 0.00498515384427863 10.9753831381319
0.0327499999999999 -0.0175231235798801 -0.00920016627467979 10.9836688064937 -0.0927825879153904 0.192226353203068 10.9367325059157
0.0329999999999998 -0.0176095423499977 -0.00946457539744058 10.8663429843297 0.0135450160310548 -0.00262257955139624 10.8608907912907
0.03325 -0.017579339965105 -0.00970447116662544 11.0110384779169 -0.0439471910044529 -0.050666253572292 11.0583467311463
0.0334999999999998 -0.0175184146993173 -0.00982232921807461 11.1481091084228 0.036769881943756 0.126973555436489 11.0665131135761
0.0337499999999997 -0.0177266777765779 -0.0100528024589252 11.0395768077848 -0.0825329857310322 -0.0521651125001164 11.1069569930956
0.0339999999999998 -0.0179481703821812 -0.0100591958107809 10.9875696504852 0.0167690985256635 -0.0950520608423201 11.0271363626044
0.0342499999999999 -0.0180676994200119 -0.0100235671696295 11.1130884470771 0.0303165650519145 0.0933362786532254 11.0513967878905
0.0344999999999999 -0.0182702207210556 -0.0102078017590608 11.0719067091873 -0.055835802943498 -0.0561746054850042 11.1279119172698
0.03475 -0.0183997451419867 -0.0102525152743556 11.14338648885 -0.0167958226246308 -0.0601863396858656 11.1819407100608
0.0349999999999999 -0.0183779098933012 -0.0103053010036427 11.2355854660754 0.124697554745412 0.154022508939466 11.0962544965417
0.03525 -0.0185312412224802 -0.0106463644235167 11.1503082299473 -0.0760141509347315 -0.146589436073793 11.2617758800936
0.0355 -0.0185509665962858 -0.0106779889184011 11.2714175810505 0.060842369460251 0.0332750845176849 11.2243842437413
0.0357499999999998 -0.0187244075801114 -0.0107945273449914 11.2356526967314 0.00602076355277244 -0.029818559530447 11.2475944191948
0.0359999999999997 -0.018886886593027 -0.010946219606297 11.1660540481804 -0.0363788142683636 -0.0403193372611765 11.2044036436422
0.0362499999999998 -0.0188782207917657 -0.0110570417555649 11.1283430578271 0.182117046047562 0.0323852860390375 11.0218547072219
0.0364999999999999 -0.0190387305601215 -0.0112762349327109 11.2219467070331 -0.0583380032438009 -0.0873941543330001 11.294840816129
0.0367499999999999 -0.0190552153706977 -0.0113319126428556 11.3284540733148 0.107678353861964 0.0456393502900647 11.251923494637
0.037 -0.0192745301945777 -0.0113616117518989 11.4450191593011 0.011130954699265 -0.0615033570541344 11.4703778411604
0.0372499999999999 -0.0196152806722879 -0.0113054541361548 11.3118106925867 -0.0477417561207156 0.102527135076329 11.2851683737388
0.0375 -0.0197275700968621 -0.0114575480013588 11.2692612473067 0.00325789684957078 0.0252049557350556 11.2550458696075
0.0377500000000001 -0.0197414592662053 -0.0116431292154033 11.2316489544687 0.0799721604877899 0.0539523333426349 11.1647094476916
0.0379999999999997 -0.0197659169680644 -0.0118661540902477 11.2926045783759 0.0480733693834043 -0.00540267243533259 11.2713643725247
0.0382499999999997 -0.0199441771360023 -0.011927703325514 11.3786514116411 0.0612586676697123 -0.145127221712896 11.4219842332052
0.0384999999999998 -0.0201590986605125 -0.01184770468639 11.4799155146618 -0.054897783385617 0.106053899437802 11.4551855355398
0.0387499999999999 -0.0203481661039986 -0.0119206953043063 11.518791696085 -0.0230132994021077 -0.0116456441175715 11.5361253684627
0.0389999999999999 -0.0205669406955043 -0.0119274490612878 11.5178893192153 -0.0325354767506176 0.0139196774967705 11.5272674248107
0.03925 -0.0207155434753702 -0.0119835819658257 11.5315610549091 -0.0516496527164005 0.0617379756431731 11.5269351633723
0.0394999999999999 -0.020812697777958 -0.0121162569250578 11.5262684820035 0.0160959078835433 0.0246169737751544 11.5059144076279
0.03975 -0.0209389194090073 -0.0122665623914796 11.4521716031085 0.0162991811668474 0.00762108071985713 11.4402139407412
0.0400000000000001 -0.021116543614413 -0.012280870198041 11.5833070955555 -0.0354657363200957 -0.0202713684383386 11.6111831041804
0.0402499999999997 -0.0212994283111166 -0.0122601655834908 11.6814694779506 -0.0889483629467401 0.140289044553036 11.6574896897778
0.0404999999999998 -0.0214490009851928 -0.0123871680821518 11.5890386498454 -0.00547334443356642 0.0698726928450374 11.5570231841017
0.0407499999999998 -0.0215246669499916 -0.0125283059047807 11.6333355416163 -0.064616518230551 0.0996301406243063 11.6166996095339
0.0409999999999999 -0.0214077234031533 -0.0128178032010421 11.7502978376634 0.123834321932851 -0.0578118372300952 11.7183425300694
0.04125 -0.0215809483427604 -0.0129718033328193 11.6511302953875 0.0434672557740841 -0.120439830759182 11.6904783907463
0.0415 -0.0218272309474286 -0.0128330171959509 11.8744298774188 -0.102799585403387 0.0725791334207301 11.8905101716394
0.0417499999999999 -0.0219846711285315 -0.0128552085487574 11.7995528301628 -0.0633310399909993 0.178993080803381 11.7435970550915
0.042 -0.0221321283596212 -0.0131649481470399 11.8790640979513 -0.237099764898521 -0.127097002083603 12.0615387019908
0.0422499999999998 -0.021871409726198 -0.0132876982248831 12.0048875804911 0.235211321733144 0.0764886415210405 11.849834880124
0.0424999999999997 -0.0220136438073697 -0.0135693110913704 11.9329795906618 0.0589801099152144 -0.070145716524166 11.9390861100805
0.0427499999999998 -0.0223880186691808 -0.0136210343546914 11.7447311178511 -0.124357798865906 -0.0928469435255574 11.8533649021306
0.0429999999999998 -0.0224836305451187 -0.0134442181861202 11.9814345402113 0.0530465593744079 0.079702529882431 11.9150823582513
0.0432499999999999 -0.0225783992521092 -0.0135458312551208 11.9663522685126 0.0725117323634345 0.162495596967584 11.8491048631872
0.0435 -0.0226480284308169 -0.0139698533947459 11.8324557698789 -0.0074812903990058 -0.153064150360292 11.9133956477343
0.04375 -0.0226032787675949 -0.0140176852790937 11.9623073259951 0.154205409621868 0.0236388863851641 11.873923584801
0.044 -0.0228927191693994 -0.0140240855022067 12.1116551411822 0.0391861934340028 -0.0553920846716265 12.1200348543474
0.04425 -0.0232141979815447 -0.0139909892818726 12.0621012290257 -0.0929187041379108 -0.0488731904306637 12.1330571368392
0.0444999999999998 -0.0232957380267331 -0.013987609856968 12.1425598495913 0.0899919685986964 0.0282907575520159 12.0835366346057
0.0447499999999997 -0.0234749260423026 -0.0141738338242582 12.0223275531181 -0.0124535804402259 -0.0437478341333529 12.0504587363677
0.0449999999999998 -0.0236025530258599 -0.014264335320221 12.023579246521 0.0123062363765596 -0.0827716780695778 12.0590930803974
0.0452499999999998 -0.0237393173402687 -0.0142291863305121 12.1640879395052 0.0209632648643092 0.107403295432941 12.1001362254597
0.0454999999999999 -0.0239065873690257 -0.0143944269793994 12.1362894092803 0.0229226487961869 -0.140883773626389 12.1960950345
0.04575 -0.0240324545214384 -0.0144441610983773 12.2111314866521 -0.0230598451970874 -0.0123269213691857 12.2288284024385
0.046 -0.0241647147160358 -0.0145323860431318 12.1622046223436 -0.0420793783128044 0.0946000704787977 12.136521512785
0.04625 -0.024207448548053 -0.0147304088298467 12.2289214347139 0.000606970359657251 -0.02036238783523 12.2388126163955
0.0465 -0.0242543167517176 -0.0147938780891831 12.338762777115 0.0944121994354699 0.0356470451181455 12.2738386645619
0.0467499999999998 -0.0244263455318601 -0.0149956225617979 12.2302259260035 0.010840096116747 -0.0578787539649478 12.2538897694948
0.0469999999999997 -0.0245584323032501 -0.0150680516736722 12.2756023099395 0.0305959230548794 -0.092818679432671 12.3071777908116
0.0472499999999998 -0.0246975530428649 -0.0151179629816995 12.3238403855099 -0.0311810631632077 0.0354337139908731 12.3218491114431
0.0474999999999999 -0.0248324826557348 -0.0152546975739313 12.3632874351388 -0.0965635806013229 -0.0366127025443506 12.429984007768
0.0477499999999999 -0.0249312348887863 -0.015197580717613 12.4081705795695 0.0772278147301428 0.153781327553031 12.2928447856875
0.048 -0.0251386195029759 -0.0154025178074923 12.3357064551504 -0.0539484746826363 0.00471659507744631 12.3604268089732
0.0482499999999999 -0.0251954379905407 -0.0155435965885191 12.3821537604601 -0.0514671640394639 -0.00635116626166515 12.4111244266347
0.0485 -0.0252412625160543 -0.0155614546989403 12.5417380663982 0.0794178522524736 0.102712876997276 12.4506890460053
0.04875 -0.0254070877989481 -0.015814908224297 12.3617716995956 0.0161616532618883 -0.0869963442722003 12.3975109356398
0.0489999999999998 -0.0254873825594998 -0.0159177042623143 12.544301909136 -0.0872141791907482 -0.0380358110676751 12.6069988440312
0.0492499999999997 -0.0255460392296007 -0.0158883074027455 12.6572511734587 0.112094516584929 0.0922756606715254 12.555077816754
0.0494999999999998 -0.0258595973095372 -0.0160618232144769 12.4607381726532 -0.115262845253794 -0.0558726187876159 12.5464113296554
0.0497499999999999 -0.0258804583920663 -0.016142846494054 12.6303204240461 -0.186809764901047 0.103295413411509 12.6745679001686
0.0499999999999999 -0.0256411757155856 -0.0164206668208448 12.670807299648 0.182081405231409 0.124420940185037 12.5176557285304
