# Strain_x(Poisson) Strain_y(Poisson) Strain_z(longitudinal) Stress_xx(GPa) Stress_yy(GPa) Stress_zz(GPa) Stress_VM(GPa)
-1.68154100018087e-15 1.62159526585833e-15 0 0.00356167473958513 0.00299116427251634 0.00188885221682706 0.00147290686294138
-0.000198607043518346 -0.000229341945410277 0.000249999999999856 0.00886011441952665 0.0167795992219167 0.0182991463118306 0.00877845618425255
-0.000904603457849238 -0.00122761209154468 0.000500000000000062 0.0133172397427305 0.00750825518779898 0.0210541252939162 0.0117706052631838
-0.00218009078837782 -0.00259867206381854 0.000749999999999918 0.00437880433648595 0.00133355924619285 0.0245608716249485 0.021864324801332
-0.00362731963852779 -0.00381457356198631 0.000999999999999949 0.00657354393688588 0.000238772406545605 0.0179686907602959 0.0155616307998123
-0.00510500953251643 -0.00474876464952028 0.00124999999999998 -0.000266765934382757 -0.00014793379961668 0.0161287668431496 0.0163364408600775
-0.00633108237793302 -0.00550592766872895 0.00149999999999984 0.0038556596732288 0.00366818917842152 0.0147431227705574 0.0109823984619102
-0.00743316816903867 -0.00628774577064596 0.00175000000000004 0.00391606121641376 0.0053996358574574 0.0211952402189906 0.016587226077086
-0.00849013840749939 -0.00717325959618227 0.0019999999999999 0.00250095254837831 0.00352870402009596 0.0259734972428589 0.0229759153281713
-0.00946153712157926 -0.00798978346996978 0.00224999999999993 0.00490004701539651 -0.00166808096821515 0.0296937157864392 0.0286481117354838
-0.010471877873105 -0.00858343378530614 0.00249999999999996 0.0103835825577017 0.00387972322102782 0.0308128041254987 0.0243417760973204
-0.0116770784224534 -0.00916741812277755 0.00274999999999999 0.000965068203876788 -0.00108737679557753 0.024119072773458 0.0242454692464417
-0.0127573918688909 -0.00959715326006482 0.00300000000000002 0.00360658405286031 0.00170303280909263 0.0233525556645237 0.0207632938390576
-0.0138039520074151 -0.00998598211561226 0.00324999999999988 0.0048707035893356 0.00488094754684509 0.023939791008335 0.019063967504453
-0.014859064690376 -0.0105841567468242 0.00349999999999991 0.00407621688014815 0.0109775475687025 0.0317133275237747 0.0249139601463317
-0.0158019062434301 -0.0115532449919283 0.00374999999999994 -0.00628440159515512 0.0107917689123801 0.0339764648486468 0.0350004506518503
-0.0164438766855079 -0.012816962633647 0.00399999999999997 0.00531088237439816 0.00278838490585618 0.0289252076747916 0.0249713121133666
-0.0171858452352051 -0.0140165625344853 0.00425 0.0051478193947788 0.00537208125846214 0.0254919577215925 0.020232939560722
-0.0179252862245616 -0.0151417747139758 0.00449999999999986 -0.0044984229632892 0.00119187040637161 0.0232364429274924 0.0253728733320785
-0.0183665954789722 -0.0160625037154244 0.00475000000000006 0.00357681350391248 -0.00453344694920541 0.0280795123191502 0.0294088735425813
-0.0188524540257345 -0.0166274318162468 0.00499999999999992 0.00648770864982721 0.00303391904850392 0.03699903350706 0.032376678391526
-0.0195493057662358 -0.0172227555633249 0.00524999999999995 0.0106577564415449 0.00979543112358237 0.0381140342713192 0.027897437888261
-0.0205766586891307 -0.0180837726131044 0.00549999999999998 0.0086045411205384 0.002888991984979 0.0383814745874654 0.0330079504809265
-0.0217806414979224 -0.0189247587138124 0.00574999999999984 0.000192031487571989 0.00495584602460207 0.0413905027798491 0.0390351903968488
-0.0227792430098834 -0.0198245136889015 0.00600000000000004 -5.50860209102471e-06 0.00961437753169622 0.0340738140830197 0.0304319444031363
-0.023559120217908 -0.0209411888048376 0.0062499999999999 -0.00200094383267327 0.000548592788108308 0.0361336218490813 0.0369258685069631
-0.0241107441196152 -0.0218929826950822 0.00649999999999993 -9.90043803883666e-05 -0.00515057468037152 0.0336246117851054 0.0365124344244925
-0.0246446888751958 -0.0225297182817105 0.00674999999999996 0.0156277681147143 0.00712394202126588 0.0393269061735933 0.0289049745126813
-0.0256647834927249 -0.0233121500085443 0.00699999999999999 0.000155171628388126 0.00471679838938574 0.0326462641682293 0.0304674793167302
-0.0266383360637994 -0.0242274939768795 0.00725000000000002 0.00438140608155415 0.00837903282413193 0.033969302738777 0.0278054541634898
-0.0275707707294798 -0.0253457192881311 0.00749999999999988 0.00114500888004696 0.00361232587468045 0.0366288749361708 0.0343167955626013
-0.0284846578618753 -0.0265037625205234 0.00774999999999991 0.00516338853620537 0.0101116133430826 0.0358700532832117 0.0285559224748009
-0.0294379076863846 -0.0278288974563169 0.00799999999999994 0.00317111853117918 0.00794259514624925 0.0386454317180401 0.0333455998500683
-0.0303251113164471 -0.0291747199972653 0.00824999999999997 0.00527487176258279 0.00423197499864468 0.0348228315158561 0.0300829691162451
-0.0312571471434722 -0.0304550894540597 0.0085 0.00910394537920758 0.0113047763679924 0.0395347372210179 0.0293922391025602
-0.0323513456274925 -0.0318647773356879 0.00874999999999986 0.00162414950421692 0.00175465562378881 0.0360595750295707 0.0343703582931326
-0.0332783347729902 -0.0331035394738033 0.00899999999999989 0.000959679343697495 0.00991959259412007 0.0338152484033803 0.0294174338636574
-0.0340145852918513 -0.0343814193353894 0.00924999999999992 0.00295619835019732 0.00526259004249033 0.0357970854101621 0.0317505804110886
-0.0346585179631985 -0.0356596941879643 0.00949999999999995 0.000808913180410423 0.0123826576030966 0.036651502151257 0.0316829572467398
-0.0352312902358252 -0.0371286208820306 0.00974999999999998 0.00144637767480613 0.00997361542821477 0.0407181022807187 0.035778524348061
-0.0357468112762264 -0.0386506573113368 0.00999999999999984 0.000192004014219899 0.00203441022471689 0.0398983239973682 0.0388179228799753
-0.036176939600686 -0.0399837021869387 0.01025 0.00203122258140654 0.00124741034220465 0.046797175978461 0.0451629610117154
-0.0366526830206167 -0.0411518134869728 0.0104999999999999 0.00484989096972043 0.00652604520143998 0.0401192074777423 0.0344618247606937
-0.0372836624386982 -0.04231265458372 0.0107499999999999 0.0117561095575102 0.00542555199026745 0.0363732387146642 0.028318177206907
-0.0382592114658023 -0.0434800062618703 0.011 0.00287859336635397 -0.000548208585709842 0.0360029335399629 0.0349639162154839
-0.039197048612669 -0.0444239990216503 0.01125 -0.000493267731295508 0.00270136919283332 0.0478449748477818 0.046822732364954
-0.0399497969836981 -0.045284792497471 0.0115 0.00659487049440316 0.00752660550683472 0.0504543599546356 0.0434011235325557
-0.0408171797968839 -0.0462661059489749 0.0117499999999999 0.00637310813375423 0.00657978188193275 0.043503395018969 0.0370273826060529
-0.0417492154930266 -0.047293085066208 0.0119999999999999 -0.000592338661446609 -0.00039185481104741 0.0435333918488664 0.0440258309460327
-0.042507258298655 -0.0481154316421636 0.0122499999999999 -0.00119359208613131 -0.00332741996994242 0.0396812633389 0.0419824598339309
-0.043168733182793 -0.0487634957867083 0.0125 0.00842779483929287 0.0126051226416069 0.0452181923066729 0.0348897959749999
-0.0440906109431765 -0.0498140627770596 0.01275 0.00714651211695831 0.00756205039213479 0.0435858556905489 0.0362333615630013
-0.0451160442452369 -0.0510506844311697 0.0129999999999999 0.000395438554106128 0.0039691043274733 0.0422372119300967 0.0401743272861753
-0.0459954016705739 -0.0521844738163963 0.0132499999999999 0.00700739415116777 -0.000509861103139922 0.0393343525124997 0.0366681245914106
-0.0469895050173741 -0.0531101275014619 0.0134999999999999 0.0105217431977533 0.0104242778054152 0.045364615565476 0.0348917071603214
-0.0481855895686461 -0.0541956908054914 0.01375 0.00499589105981588 0.00865862483964901 0.0367661814844326 0.0301064919323569
-0.0493153491363116 -0.0553796138391834 0.014 -0.00360671352841251 0.00251131899082969 0.0410876644300704 0.0419711339520977
-0.0500447907519278 -0.0563861810827478 0.0142499999999998 -0.00459674750304828 -0.000465704702743138 0.0405751243938545 0.0432545557035573
-0.0504019920434767 -0.0572085837856797 0.0145 0.000898810605710013 0.00949181803019989 0.0465145686877377 0.0419840519021546
-0.0507507130285313 -0.0582621484220743 0.0147499999999999 0.00971144936820335 0.0140449978562277 0.0469672047413896 0.0352891106229256
-0.0513372964868281 -0.0596614692962022 0.0149999999999999 0.00684365176154038 0.00733641770150181 0.0388868427512558 0.0317996716012533
-0.0520375950422403 -0.0610424553174642 0.01525 0.00329036797587382 -0.00517367914523435 0.0355449415719868 0.0372156128838981
-0.0527550835864319 -0.0619815697861288 0.0155 0.00773484682238342 0.00184019871876732 0.0446874756478374 0.0402251960443554
-0.0535491189993033 -0.0628051653252095 0.01575 0.000150125809013698 0.00988458430576747 0.0331521608775468 0.0293706836864017
-0.0542935740504514 -0.0638260094497282 0.0159999999999999 0.00679793114691719 0.00860213287173119 0.0333997866674556 0.0257472085358008
-0.0550569312093534 -0.0649611446772863 0.0162499999999999 -0.00252219692842853 0.00382535352579613 0.0384620915055134 0.0382080286921549
-0.0556244727893756 -0.0660159902828296 0.0164999999999999 -2.63983459958984e-05 -0.00389449440368141 0.0451511172371409 0.0472305097505755
-0.0561062257326992 -0.0667263718359521 0.01675 0.00804020511238622 0.0044316723435715 0.0467410368270025 0.0406254735796303
-0.0567526175703219 -0.0674851658696009 0.017 0.00230225424668003 0.0131496114955412 0.0481847268693338 0.0415350801281757
-0.0574703851718934 -0.0686168155515194 0.0172499999999999 0.00570987615522685 0.00905684877823345 0.0532674991616679 0.0459755986317101
-0.058244242752213 -0.0699296085825609 0.0174999999999999 3.54493493351691e-05 0.00715118274792731 0.0539442207547583 0.0507266089057348
-0.0588859596276719 -0.0713306980803481 0.0177499999999999 0.00250154206904445 0.0153213247982654 0.0524708024747583 0.044951960504269
-0.0594460598773752 -0.0729102982588294 0.018 0.00444615876893812 -0.000588353136570341 0.0473562856200312 0.0456361352548867
-0.0600650210530503 -0.0742544361971236 0.01825 0.000105256799990676 0.0010554455461291 0.0500225538736254 0.049449050060378
-0.0606314916469068 -0.0753031400361002 0.0184999999999998 0.00249103974019398 -0.00339253049666754 0.0530169794096962 0.0537099608363961
-0.061173735676705 -0.0760186208012097 0.01875 0.00503128966659169 -3.41202097113567e-05 0.0537807823724287 0.0514694820073829
-0.0618491181448187 -0.0766271553541371 0.0189999999999999 0.00620867588830937 0.0107688892477597 0.0581236610957193 0.049791744555406
-0.0626673407882507 -0.0774793087911672 0.0192499999999999 0.00976891734620857 0.0123033272559699 0.0578406744300299 0.0468559870793877
-0.0636996279739656 -0.0786041929586271 0.0195 0.00818247837506884 0.00395011304334519 0.0574284509955463 0.0514927731131652
-0.0648961279919758 -0.0796675257466237 0.01975 0.0055127483915801 -0.00127596484002361 0.0565656333609317 0.0547637387943681
-0.066022812763308 -0.0804215836600148 0.02 -0.00316023051550133 -0.00659217193256825 0.0413546872809103 0.0463263285656688
-0.0667666423746697 -0.0807893233066259 0.0202499999999999 -2.27520790331632e-05 0.00259944834873046 0.0444207206040684 0.0431921116193227
-0.0672881892753163 -0.0811453496449429 0.0204999999999999 -0.000275773072704085 0.00540409086629835 0.0452867822664833 0.0430048623804593
-0.0677639394190735 -0.0816515304186617 0.0207499999999999 0.00843882391141263 0.00983341952933053 0.054186845810578 0.0450669104083588
-0.0684661303969456 -0.0824259572387222 0.021 0.0108668214697666 0.002983322529365 0.0488602312815691 0.0424872892835548
-0.0694569724499157 -0.0831457333746491 0.02125 0.00549464937060642 -0.0123580860034915 0.0423469699679286 0.0483190275284054
-0.0705434673316873 -0.0833864600656546 0.0214999999999999 0.0038494754016387 0.00354514943845611 0.0462083148370881 0.0425118193826204
-0.0716178472030737 -0.0836633895340139 0.0217499999999999 0.0035225719058244 0.00676490594710444 0.0549233401087477 0.049858732849859
-0.0726230501066753 -0.0841593966924261 0.0219999999999999 0.0033002250593109 0.0102429206257934 0.0602836315880306 0.05384878083556
-0.0735421404039463 -0.0849439155602296 0.02225 0.00350725119511521 0.00968819276186936 0.0665160480151017 0.0601569515851506
-0.074380128593325 -0.0859883915023532 0.0225 -0.00223733675772716 0.00984592156260062 0.0621430342488444 0.0592698291624721
-0.0750159462192795 -0.0871936485606626 0.0227499999999998 0.00230845388703622 0.00761785059506734 0.068005555304659 0.0632098635822508
-0.0755816110419526 -0.0884107694834584 0.0229999999999999 -0.000670079484110549 0.00353437341010972 0.0620822463917734 0.060759300759842
-0.0759853885787169 -0.089525639788618 0.0232499999999999 -0.00609302886585294 0.00399475824929253 0.0596887802676219 0.0613629935316538
-0.0761727279668871 -0.0906594054326099 0.0234999999999999 0.00575839757525637 0.00964598909445177 0.0625112766684829 0.054912390603012
-0.076509133990526 -0.0918868688428933 0.02375 0.0038029520147255 0.000471336698805798 0.0601988117274436 0.0581333119934105
-0.076972406690434 -0.0928631711904305 0.024 0.00712186925788868 -0.00104289089130755 0.0514718606134788 0.0489458076199805
-0.0775790307803891 -0.0935725418213434 0.02425 0.0125677097030337 0.00186129031815892 0.0565909823796399 0.0502395021190904
-0.0785140332852614 -0.0941999692731007 0.0244999999999999 0.00907058729696532 0.00220371086750103 0.060165509447163 0.0548516871026844
-0.0796372282769326 -0.0948356327524781 0.0247499999999999 0.00338404036580671 0.0079087939046436 0.0644269123096772 0.0589109638258804
-0.0806214673949661 -0.0955782631801911 0.0249999999999999 0.00160083113463541 0.00548662522478354 0.0590509915464515 0.0556091793973633
-0.0815456896706192 -0.0964522146678418 0.02525 0.0091413045796627 0.0144236636679799 0.0599355755806918 0.048369904951397
-0.0826310678589104 -0.0976566684844177 0.0255 0.00414330112547809 0.0120110494983968 0.0588295479552193 0.0512077086703479
-0.083612429238428 -0.0990283556051677 0.0257499999999999 -0.00406827371277925 0.00447045521427931 0.0484339440366803 0.0487964194882105
-0.0842603920001062 -0.100215893301158 0.0259999999999999 0.00240923702655934 -0.00824824806996404 0.0503200390753508 0.0540336524800848
-0.084781473651383 -0.100866866295375 0.0262499999999999 0.0027297123875659 -0.0030955293684274 0.0493073734114069 0.0497467394294358
-0.0852772640675296 -0.10124763230357 0.0265 0.00678717226618204 0.00331018341398551 0.0538938089651879 0.0489378577712321
-0.0859711700317907 -0.10170919290663 0.02675 0.0084034897635331 0.00839043136919112 0.0573253537654128 0.0489283945059733
-0.0868871159620616 -0.102382000194298 0.0269999999999998 0.00205590408172877 0.00450880297980194 0.0542608776927446 0.0510227641400055
-0.0877127958792662 -0.103135393510927 0.0272499999999999 -0.000222552036238961 0.00912337337847792 0.0511033524917981 0.0473498333884789
-0.0883976572291846 -0.104080058416058 0.0274999999999999 0.00253400598885893 0.00886925321983182 0.0525768132512792 0.0471951730587137
-0.0890495704331578 -0.105219757625601 0.0277499999999999 0.0033808688902528 0.0107223511399229 0.0574134369196959 0.0507615664689967
-0.0896615767247014 -0.106443734451128 0.028 8.08015756406449e-05 -0.00440284329022867 0.0592111469723092 0.0614948801736162
-0.0902133241098073 -0.107350247619799 0.02825 0.00782808879239171 0.00356798388151826 0.059602156294664 0.0540302278248373
-0.090926149349636 -0.108214665533987 0.0285 0.0110852656441572 0.0138925517660482 0.0679641829189127 0.0555285214158007
-0.091827337797471 -0.109374616404242 0.0287499999999999 0.00275521021253157 0.0112142203820764 0.0684651245354704 0.0619153200741042
-0.0927040438358496 -0.110688470254085 0.0289999999999999 0.00283215637983535 0.00522257477706874 0.0621875971159531 0.0581970627057853
-0.0934747073266533 -0.111885054276286 0.0292499999999999 0.00255317662096102 0.00396255625448028 0.0629770931027642 0.0597316984245751
-0.0941732524925721 -0.112914680121401 0.0295 0.00213688269781001 0.00236655325591871 0.0604684723620447 0.0582170941611513
-0.0948041511529712 -0.113811290684529 0.02975 -0.000988024987379737 0.0048472485264026 0.0599463683042409 0.0582364306216097
-0.0953187681557247 -0.114625481762051 0.0299999999999999 0.0132647994544284 0.000855747614615515 0.0578999977468547 0.0519631213810181
-0.0961449542835137 -0.115366275208911 0.0302499999999999 0.00812173475419622 0.009386683337418 0.0498034307319383 0.0410638365502517
-0.0970815507559525 -0.116235771959028 0.0304999999999999 -0.000816278657312501 0.00462023424496349 0.0503009774485349 0.0486274605750601
-0.0978548809277019 -0.117136904285844 0.03075 0.00324231380565009 0.0108628317232215 0.0694257581129885 0.0627213557771508
-0.098633262430328 -0.118210683393263 0.031 0.00632349197732199 0.00498843214611208 0.0596775090055498 0.0540339182622305
-0.0994485051306881 -0.11931463502863 0.03125 -0.00149038796744418 0.00298713363335577 0.0540327122431302 0.0534252466175205
-0.100071559335628 -0.120333190074494 0.0314999999999999 -0.000736123821171046 0.00397828290885216 0.0528843051103245 0.0514255531675866
-0.100483353059314 -0.121218007084149 0.0317499999999999 -0.0100352983963756 -0.00420737048958668 0.0483100800933427 0.0556607157271879
-0.100576288880532 -0.121831858639822 0.0319999999999999 0.00678498105297382 0.00747805928383696 0.0642724914085574 0.0571441236028995
-0.100851660063937 -0.122543548362445 0.03225 0.010100103184927 0.0115369990096154 0.0651872311517849 0.0543829189459184
-0.101444949353605 -0.123524286499629 0.0325 0.00126174269818734 0.00601870311018612 0.0663473324369694 0.0628422874363067
-0.10198862080308 -0.124577404925293 0.03275 -0.00480564091632923 -0.00383967819128776 0.0533701417847353 0.0576988660137988
-0.102323320768 -0.125403919333279 0.0329999999999999 0.0034527310210496 0.00307553606196898 0.0606951604663009 0.0574319559188437
-0.102661466221622 -0.126168266297744 0.0332499999999999 0.00227686272627425 0.00956220139777362 0.0623915235254656 0.0568233485419142
-0.103076601928527 -0.127162400926773 0.0334999999999999 0.00726934538187442 0.0158687046772145 0.0703401799318676 0.0592411207167
-0.10369875656472 -0.128513207860039 0.03375 0.00491831446583425 0.00949551581908926 0.0638131182870842 0.0567448263158981
-0.104425837683293 -0.129921435311208 0.034 0.00510367767778417 0.00510796003733982 0.0650824386996222 0.0599766199567212
-0.105117943975076 -0.131153924543158 0.0342499999999999 -0.00448698805281604 0.00697251082079208 0.0572657390448707 0.0568952028893248
-0.1054910260556 -0.132267299868528 0.0344999999999999 -0.00709315583708102 0.0064235358369158 0.0572581340575106 0.0587705106373807
-0.105629856688659 -0.133337000998774 0.0347499999999999 0.0124976412772677 0.00471438733495285 0.0590002912399466 0.0508430666771007
-0.106117202004363 -0.13436051370405 0.035 0.014040103391802 0.00328747536425576 0.0546080610413888 0.0468784636672395
-0.106934589402641 -0.135319668670843 0.03525 -0.00704876315555658 0.00216115569860138 0.0563428620757933 0.059325281544702
-0.10742754976158 -0.136169756013171 0.0354999999999998 -0.0081491652446395 0.000499569025899657 0.056455957094749 0.0607442993320419
-0.107508110614531 -0.136870175916094 0.0357499999999999 -0.00416505542698872 -0.00702065348127238 0.0534767749281819 0.0591213746926564
-0.107538322158102 -0.137342079728081 0.0359999999999999 0.0184035454875522 0.00886354779283159 0.0692289422822624 0.0562059310358774
-0.108188291683889 -0.137980912605308 0.0362499999999999 0.0191329172349693 0.0140362872934895 0.0597177883505301 0.0433584302013546
-0.109338877853316 -0.138955470500252 0.0365 0.00387054739153429 0.00906091378092671 0.0492305630186717 0.043000416514458
-0.110387449500537 -0.140001190693118 0.03675 -0.00385340359542216 -0.00573152177549927 0.0455184310093735 0.0503371783108336
-0.111098289081467 -0.140705983826006 0.037 -0.00556826018071632 -0.00137790277978414 0.0521322849144777 0.0557236582902864
-0.111523788901944 -0.141198651952772 0.0372499999999999 0.0012212620315964 8.82457694761651e-05 0.0608214124204416 0.0601746590504555
-0.111982280565697 -0.141645723828294 0.0374999999999999 0.00991924177159422 0.00588961290664817 0.0663942391442254 0.058593826608171
-0.11263195285286 -0.142201342223373 0.0377499999999999 -0.000313155082398945 0.00852170793425405 0.0583029134620753 0.0547360334694464
-0.113202251916092 -0.1429221456046 0.038 0.00689424523636138 0.00581819881001906 0.0707893716649214 0.0644398881104511
-0.113888444251314 -0.143706291216356 0.03825 0.00626118296046598 0.00460916374994704 0.068634439314049 0.0632154577088583
-0.114679576583304 -0.14442374036695 0.0384999999999999 0.00149908916377981 0.00412560993921033 0.071815689546894 0.0690408204547024
-0.115422335674557 -0.145114425012716 0.0387499999999999 0.000257266941097121 -0.00014276707544686 0.0610349711285503 0.0609787053210741
-0.116126685925708 -0.145849605128501 0.0389999999999999 0.00703045710689716 0.0171594942505009 0.0585658751356512 0.0472915694540849
-0.116924577705152 -0.146946062256537 0.03925 0.00169990681206552 0.00844624309141717 0.0561983671393457 0.0514580439888993
-0.117660694521707 -0.148129873095965 0.0395 -0.00240928439181528 0.00183769112615333 0.0464476734797445 0.0468779780872709
-0.118194789026723 -0.149174071816493 0.03975 -0.00218162860483872 0.00468201533599199 0.05106530286805 0.0501684895213449
-0.118520456953444 -0.150142560157192 0.0399999999999999 -0.00161560373990853 0.0032595108282618 0.0510132537631818 0.0503685583892759
-0.118779555538951 -0.1510244927869 0.0402499999999999 0.00965882495978833 0.00198206073595607 0.0604933800849642 0.0550756715605197
-0.119250832807961 -0.151736295314712 0.0404999999999999 0.000968992652043082 0.000858904846229915 0.0645186923137377 0.0636048150175159
-0.11969826106289 -0.152344968285439 0.04075 0.000630039065728387 0.00923907695635524 0.0679238181376608 0.0634289645300202
-0.120149088507218 -0.153113281962801 0.041 0.0172279225382864 0.00155684291254252 0.0560236646301751 0.0485660735962725
-0.121050036293169 -0.153799730624659 0.04125 0.0194179940451761 -0.00493532503821602 0.0579978911886051 0.0549639987565811
-0.122379006065124 -0.154207268298007 0.0414999999999999 0.0091478853758432 0.00104203595175076 0.0595809169555411 0.0549363088420618
-0.123711733064485 -0.15446032250327 0.0417499999999999 -0.00487061957852627 -0.000493716187687393 0.0558424243133203 0.0586472152299464
-0.124619722936289 -0.154650928288579 0.0419999999999999 -0.00761932496816933 0.00733432484418197 0.0575659127009732 0.0591436356310109
-0.125131749253702 -0.155035877549498 0.04225 0.00174651593659817 0.00993699227467462 0.0601307017012244 0.0547503676519158
-0.125550391380014 -0.155676311003568 0.0425 0.000328262177349202 0.0109136634505837 0.0639579374825935 0.0590528632123336
-0.125885017883397 -0.156541537628738 0.0427499999999999 -0.00216017118913817 0.00410364894307577 0.0647546245797432 0.064013147794494
-0.126186910527214 -0.157397455974621 0.0429999999999999 0.0159429029296633 0.00167145481290768 0.0625882864542329 0.0551829974390708
-0.126925884507481 -0.158194423254576 0.0432499999999999 0.0154323494572784 0.00641106376147277 0.0451153912998169 0.0350748595066799
-0.128023875393651 -0.159031719815945 0.0435 -0.000423107569869535 -0.00078858743802969 0.0581391978898518 0.0587458980693147
-0.128898798201842 -0.159725932307303 0.04375 -0.00465814231500285 -0.00146316965170099 0.0481007557515474 0.0512361780234175
-0.129463887455818 -0.160260025208312 0.0439999999999998 -0.000117149640614445 0.00231102216367897 0.0507743224493314 0.0497218735787894
-0.129932959252514 -0.16073867779411 0.0442499999999999 0.00203979779814517 -0.00213758949771385 0.0524635885273191 0.052636954118948
-0.130433182641137 -0.161072304775888 0.0444999999999999 0.00765080732549437 -0.00118402700403671 0.05612764555595 0.0534447656654754
-0.131046828939762 -0.161265365554047 0.0447499999999999 0.005725021782738 -0.00434657488174586 0.0485251021950587 0.0486245729008855
-0.131788589467677 -0.161342381442693 0.045 0.0120817971806241 0.00502739165510648 0.0612892366247445 0.0530873428104704
-0.132772457013957 -0.161551820483248 0.04525 0.00213920022514945 0.0106982998081743 0.064630207680644 0.0586814914825764
-0.13370024600432 -0.162167550080344 0.0455 -0.00352068410692457 0.019226160857378 0.0669705280500116 0.0623135400447175
-0.134402977512971 -0.163202732005115 0.0457499999999999 -0.00165247113624202 0.00148250583187749 0.0629840890161147 0.0631274810327781
-0.134945120226761 -0.164159393327692 0.0459999999999999 0.00176237810724677 0.00288377019031525 0.0715807416527938 0.06926447609164
-0.135458287512467 -0.164934736708047 0.0462499999999999 0.00192059066158046 -0.0104923782153974 0.0721412853047029 0.0771794988946437
-0.136017395731239 -0.165375318415158 0.0465 0.0122064902028436 0.00262577864888908 0.0741961630640705 0.0672934970879759
-0.136836080266415 -0.16579825501121 0.04675 0.00838224247409658 0.00386356555604054 0.0748393942988674 0.0688278277133657
-0.137781174698564 -0.16631745711016 0.0469999999999999 0.00193292979065848 0.0101959897709972 0.0721182416037307 0.0664402792986804
-0.138627588558387 -0.167066723206515 0.0472499999999999 -0.0048736628141471 0.0085000509383382 0.0714260573022956 0.0705697732258568
-0.139218443883096 -0.167936328587182 0.0474999999999999 0.000153527268806263 0.00403215137784378 0.0652223675914318 0.0632188273624883
-0.13973686245581 -0.168738692544937 0.04775 0.00355352129875678 -0.0109036287833028 0.0532050045460817 0.0582417197742136
-0.140276640167846 -0.169121409629633 0.048 0.00180638618926904 -0.00689175432483023 0.058976114232579 0.0619782686158833
-0.140786976888316 -0.169267874245012 0.04825 0.00671774728561527 0.00274457314564821 0.0563503812157261 0.0517337758260158
-0.141453314715421 -0.169511317133671 0.0484999999999999 0.0188662012996795 0.00859953093301172 0.0628130178288875 0.0498790004154002
-0.142539282358532 -0.16988876210527 0.0487499999999999 0.0112466083007688 -0.0015502575740634 0.0634357956644342 0.0596265803539624
-0.143763461071388 -0.170182538623881 0.0489999999999999 -0.00139826369844144 0.00037690447413382 0.06273858625276 0.0632679464577541
-0.144746314885385 -0.170471182729977 0.04925 -0.00734803838619871 -0.00312917968392221 0.0652783758203788 0.0706115729159504
-0.14541986806202 -0.170647952245984 0.0495 0.0120388512758744 0.00515709908289951 0.0730281923017553 0.0647052684359602
-0.146316653945319 -0.170871739936962 0.04975 0.0193651092665164 0.0072038746223229 0.0762552282269053 0.0638454019410302
-0.147594326977906 -0.171330936869193 0.0499999999999999 4.56492826919002e-05 0.0144122442580611 0.0769153962844254 0.0707884209052852
-0.148636060475319 -0.172038447774006 0.0502499999999999 -0.0164651901334467 -0.0023628797325489 0.0593557976362385 0.0698458749002634
-0.149074056224456 -0.172578295832773 0.0504999999999999 0.00227984088589676 0.00192609206953995 0.0663893673098715 0.0642871307931927
-0.149452060510824 -0.17303755172904 0.05075 0.012246967698823 0.000764170356097867 0.0675930842941593 0.0618916431965555
-0.150069518609024 -0.173467186574348 0.051 0.00653379784286212 0.000285585494352692 0.0674721515235105 0.0642905815872366
-0.150870946873208 -0.173849666326975 0.0512499999999999 0.0129558103651396 0.00357647017494717 0.0758194133103243 0.0680398685717225
-0.151926529636574 -0.174264863012883 0.0514999999999999 0.0135565504092515 0.00891426814960197 0.0719083480620639 0.0608059913902843
-0.153123625245276 -0.174847955792614 0.0517499999999999 -0.00101167235218488 0.00455843345046124 0.0594471370761942 0.0578751393167363
-0.154053053573934 -0.175421860721098 0.052 -0.00785070932073052 -0.00912769093627546 0.041620016479675 0.050121418581482
-0.154629104955137 -0.17569640685096 0.05225 0.00188644953059838 -0.00255020995600257 0.0561815490894854 0.0566438933340866
-0.155144690813871 -0.175853552539055 0.0524999999999998 -0.00267674171487138 0.00535822102662679 0.056079384905515 0.0551791604997628
-0.155585000742684 -0.176122362134487 0.0527499999999999 0.0102984746371437 0.00575704151577917 0.0592096814293334 0.0513328134743863
-0.156223588562525 -0.176525735346699 0.0529999999999999 0.0139745773214888 0.00352267336784033 0.0715909931109294 0.0634909041411658
-0.157172306569974 -0.176982851720094 0.0532499999999999 0.0078491196876747 0.00320219256074208 0.0747622313098609 0.0693534338892515
-0.158255665835242 -0.177441552317603 0.0535 0.00534306202682697 -0.00729158221933123 0.061016205305043 0.0629487368982842
-0.159353568290038 -0.177672274276423 0.05375 0.0118576726420756 -0.00629767229975013 0.0554795055389849 0.0549950023045788
-0.160576501537166 -0.177693847467412 0.0539999999999999 -0.00212669173990655 -0.00363094690886417 0.0560065651368437 0.0588997927912888
-0.161553490819523 -0.177692332432244 0.0542499999999999 -0.00710366518144021 0.00610879511145168 0.0666630554590697 0.068128249013509
-0.162142806265883 -0.177863961987701 0.0544999999999999 -0.000437960932504302 0.00153505697316011 0.0518286453936007 0.051308556658265
-0.162633017245106 -0.178131497013162 0.05475 0.00815699949730301 0.0102097278727184 0.0619659844612124 0.0528125489475915
-0.163230323939214 -0.178604522558378 0.055 0.00246807063621178 0.00451788163357457 0.0634056372384526 0.0599389543982346
-0.163778915830164 -0.179176500580903 0.05525 -0.00548454227917082 0.0062282530395445 0.0582115892790227 0.058722457357656
-0.164085551050625 -0.179829594542026 0.0554999999999999 -0.000212176469799607 0.00423272748029624 0.06461089928792 0.0627188645968961
-0.164290477565231 -0.180491532995214 0.0557499999999999 0.00333507116297354 0.00155631949576217 0.0575301411637249 0.055105980991163
-0.164605280090442 -0.181086212186815 0.0559999999999999 0.00637911913076764 -0.00526306390299399 0.0608488386203785 0.0611280394840551
-0.165088083141153 -0.181453611294043 0.05625 0.00473606100720128 -0.00529996591429492 0.0639380428392042 0.0648054717803806
-0.16562674369559 -0.181642936510814 0.0565 -0.00305825029883736 0.00260985873510024 0.0665044846321287 0.0669089858300724
-0.166039512695737 -0.181887769041676 0.05675 0.0103816299231951 0.000327729809152419 0.0692720414224549 0.0645076723261949
-0.16669251944721 -0.182136224289831 0.0569999999999999 0.0210653049090547 1.60428931933149e-06 0.0695750649334664 0.0617953992115373
-0.167822900667562 -0.182352785346654 0.0572499999999999 -0.00294852860049278 0.00114348105196705 0.0659198555240755 0.0669162818926595
-0.168775914483205 -0.182574144018068 0.0574999999999999 -0.00943623327538467 0.00362152812534674 0.064514138541557 0.0683632672857387
-0.169289323709269 -0.182844741395022 0.05775 -0.00153791859334931 0.0059277956486549 0.0617369277291075 0.059891995666563
-0.16965920755093 -0.18323059945376 0.058 0.00989713738307334 0.00641555031988087 0.0643387040850966 0.0562632090071223
-0.170213861563956 -0.183729783684557 0.0582499999999999 0.00655811995034787 0.00281800456500228 0.0604480446492732 0.0558539791208568
-0.170885047119429 -0.184256395503542 0.0584999999999999 0.00068957829710868 -0.0021531848453849 0.0468074025652864 0.0476029102950273
-0.17144763798853 -0.184699896560376 0.0587499999999999 -0.00226637013568499 -0.00229887002835807 0.0481769535203456 0.0504595814520391
-0.17188555182844 -0.184960104318118 0.0589999999999999 0.00358235097623349 -0.0128437288987824 0.0533940150103371 0.0597430192243283
-0.172391819065471 -0.184900890707429 0.05925 0.000396238617452367 -0.0024421358902069 0.0672751643797768 0.0683423332858313
-0.172939642119787 -0.184798472174829 0.0595 0.00227672796494751 0.00197008917535928 0.068196080969912 0.0660732060562849
-0.173562394016594 -0.184772222809086 0.0597499999999999 0.0170937954388481 0.0108882950212182 0.0679838559058017 0.0542596054283874
-0.174530770683327 -0.184999494842663 0.0599999999999999 0.0108851806052987 0.0123096898990391 0.0711760748270939 0.0595914105693495
-0.175675555837633 -0.18553657327512 0.0602499999999999 0.00432138303748727 0.0064123270396311 0.0655211262598787 0.0601815202639743
-0.176664791870009 -0.18605576738587 0.0605 -0.0111057149547708 -0.0124368290735211 0.0544225653662906 0.0662038745523669
-0.177206683840338 -0.186156681107319 0.06075 -0.0023107638795624 -0.000823393817099565 0.0588188140004579 0.0603996296132886
-0.177529760547268 -0.186172073404784 0.061 -0.00106534667748149 0.00988053051827336 0.0714202176706739 0.0676797693600918
-0.177769620430091 -0.18642580149153 0.0612499999999999 0.00520082603653323 0.00398018506607649 0.0640565377282629 0.0594754273305798
-0.178191933223364 -0.186852241857709 0.0614999999999999 0.0142638076537727 0.00482092108482353 0.0581180955727659 0.0492592909207703
-0.178988991319941 -0.187354725777527 0.0617499999999999 0.00603998959990829 0.00288440162086056 0.0584557383827807 0.0540626577476054
-0.1797446761915 -0.187833685053382 0.062 -0.0206924929370091 0.00171264609595119 0.0545140860548836 0.0668805346886776
-0.179889494470872 -0.188315341955544 0.06225 -0.00123267544844579 0.00338891129553222 0.0582265872031242 0.0572884529292186
-0.179906650985404 -0.188813833079952 0.0624999999999999 0.00820026521627447 0.00168803148648013 0.066395368006673 0.0617094748659961
-0.180184524125565 -0.189223052767517 0.0627499999999999 0.0206713562250223 -0.00169250442572576 0.0691835653051011 0.0627574455882503
-0.180948453209059 -0.189461725354976 0.0629999999999999 0.00691444796525558 -0.00699944190361495 0.0606243588639719 0.0618519574883665
-0.181816379831599 -0.189475437538195 0.0632499999999999 -0.00406445812132651 0.000627673819124307 0.0608322933655542 0.0626825361262087
-0.182473549664547 -0.189448058138226 0.0635 -0.00123697605827647 0.00375999395565976 0.0804147835449697 0.0792714839100665
-0.183033728152981 -0.189547028618773 0.06375 0.00324824904245767 0.00813730278989181 0.0779849328791019 0.0724160416845706
-0.183593345334297 -0.189874605739271 0.0639999999999999 0.00515972654885932 0.00399815759543445 0.0784412261047095 0.0738691338404081
-0.184122182282101 -0.190220035189634 0.0642499999999999 8.08887639840757e-05 -0.00370258627597689 0.0713259064444382 0.0732101152422382
-0.184618310162233 -0.190381431778077 0.0644999999999999 0.0146611781340117 -0.001582415104774 0.0840586371003689 0.0787853141616455
-0.18539936889641 -0.190455997251795 0.06475 0.0107615870675634 0.00290690108789776 0.0728683199028894 0.0663835163196572
-0.186347686368512 -0.190595937756593 0.065 -0.000870003132536042 0.00124159535565807 0.0621846352847499 0.0620258026546569
-0.187172892809578 -0.190763834653325 0.06525 0.00315199933360101 -0.00268234537578695 0.0560100648184434 0.0560036323794968
-0.18784853315151 -0.190849181972137 0.0654999999999999 -0.0154542602064568 -0.0037317022388475 0.0565423670426149 0.0669099997320739
-0.188108202992692 -0.190796377370972 0.0657499999999999 0.00525085677215361 -0.00306114070442981 0.0677027391826592 0.0669957223087441
-0.188431809688896 -0.190676313726919 0.0659999999999999 0.0101365050420457 0.00765669962794297 0.0695648358247976 0.0607062322248889
-0.189039515299589 -0.190745200728604 0.06625 0.00564427178864846 0.00470931333262753 0.0686309507002776 0.0634593239461015
-0.189726613731503 -0.190994277667207 0.0665 -0.00119462699584751 0.00530145903552651 0.066560653700752 0.0647520892598609
-0.190254175312795 -0.191329274820996 0.0667499999999999 0.00171462822154394 -0.00361796045778818 0.0650047855003237 0.0661179316571049
-0.190746507920464 -0.191532296022408 0.0669999999999999 0.00720728695877611 -0.00541776526894555 0.0669655862292408 0.0669693805016932
-0.19137703078825 -0.191507594055295 0.0672499999999999 0.00468853772469472 -0.0130602144615063 0.0671704140712329 0.0729930025095202
-0.192045550114089 -0.191123272595492 0.0674999999999999 0.00486082285912986 0.00138104135912786 0.0747040090050564 0.0716464832169318
-0.192803221029351 -0.190820045822529 0.06775 0.0125220397859003 0.0124175664866129 0.0797854792951065 0.0673157369619159
-0.193819225535169 -0.190981639185249 0.068 0.00281250835547345 0.013551379554921 0.0699244291582785 0.0624389861787606
-0.194751634503982 -0.19148898541341 0.0682499999999999 -0.00211194699971973 -0.00198991676125013 0.0727178384937178 0.0747688450613261
-0.195476684139411 -0.191869233470097 0.0684999999999999 0.00483675025723376 -0.00862390117340328 0.0669856138457064 0.0698586757092513
-0.196186304159066 -0.191972312101005 0.0687499999999999 -0.00543730531860036 0.00745207897055265 0.0613491955583382 0.0613655933859363
-0.196674727864756 -0.192160521560725 0.069 -0.00495638240391971 -0.000672578278659973 0.056709599288422 0.0596395782102956
-0.196981169201169 -0.192362406027682 0.06925 0.0034975645066096 0.00150229469202267 0.0655937580469821 0.063117485805506
-0.197317283751317 -0.192512635711998 0.0695 0.00100532848364358 -0.00736101985168499 0.0581639452214013 0.0617682131021738
-0.19766592538266 -0.1924784954988 0.0697499999999999 0.00287904328167278 -0.00539055008411992 0.0708930933514521 0.0725034186681411
-0.198045482188582 -0.192283640441568 0.0699999999999999 0.00566385212307045 -0.00294536979341915 0.0649426019852507 0.0640190034265287
-0.198556179621 -0.192119725445671 0.0702499999999999 0.0100688177172742 0.0202971188803688 0.0700855319211942 0.0556125444555534
-0.199273698830683 -0.192485249174739 0.0705 0.00817793531980776 0.0139385653989057 0.0688145244808052 0.0579713364049256
-0.200065308125029 -0.19313303606377 0.07075 -0.00361290365403843 -0.00147112718514179 0.0605148601500706 0.0630841498432032
-0.20064902254982 -0.19364508918237 0.0709999999999999 -0.00721102615663186 -0.0106103934347148 0.0572777187897824 0.0662538666949367
-0.200978913150683 -0.193781250797493 0.0712499999999999 0.0072211482340555 -0.00881179945094391 0.0566673420689537 0.0591164083415554
-0.201396369624103 -0.193668960954114 0.0714999999999999 0.00213716667459737 -0.00151907812245055 0.058291417726902 0.0580687672118438
-0.201841939073401 -0.193616946358469 0.07175 -0.0012368256669402 0.0120451254325011 0.0623376001034074 0.0580837793431227
-0.202244595302108 -0.193917109256609 0.072 0.00359033844165168 0.0152129019007325 0.0589781975489942 0.0505880421692466
-0.202657818735966 -0.194556542929697 0.07225 -0.00282445667878869 -0.000260623978290926 0.0503132405017096 0.0519032940582962
-0.2029528365527 -0.195159036282732 0.0724999999999999 -0.00401248611829529 5.98077041614872e-05 0.0583050757105171 0.0603844902868132
-0.203157903751469 -0.195689052846137 0.0727499999999999 0.00295393243007039 0.00235156334135848 0.0562498160153368 0.0535996067940863
-0.203414674852069 -0.19615857608418 0.0729999999999999 0.00733795719431024 -0.00627164287000508 0.0519075473557884 0.0527090493008639
-0.203779686938053 -0.196390583030229 0.07325 -0.00468934795457917 -0.0151311842557105 0.0564370465010614 0.0669607336359928
-0.20404069146009 -0.196204811573619 0.0735 -0.00247103670424403 -0.00637381717166591 0.0573327497103016 0.0618475999080808
-0.204254620115337 -0.19581420635435 0.07375 0.0125109960893243 -0.001565220827227 0.0582753449022762 0.0541913683707209
-0.204812052303318 -0.195450493624435 0.0739999999999999 0.0211388172455422 0.00375218867461739 0.0593684313477138 0.0492796342140291
-0.205894323752998 -0.195260864376622 0.0742499999999999 0.0125014508562072 0.0113386247391032 0.0575460948226772 0.0456371690958644
-0.207151467210319 -0.195383970321716 0.0744999999999999 -0.00430616185207451 0.00730014551642346 0.0552726501614569 0.0547069575721111
-0.208147394404301 -0.195658815518189 0.07475 -0.00240722605300289 -0.00206205275466847 0.0589202270391257 0.0611555970301235
-0.208853879791529 -0.195790335700486 0.075 -0.00666436590067342 -0.0141797227772884 0.0513834105581663 0.0621472018419209
-0.20928624090117 -0.195553878736194 0.0752499999999999 0.00240708010661734 -0.00253009520598121 0.0598876232086298 0.0601014147398184
-0.209750746277476 -0.195246764263371 0.0754999999999999 0.0099437931563751 0.00102101518499111 0.0579771215157718 0.053060412024274
-0.21037937198675 -0.194998795408691 0.0757499999999999 0.00407905987047614 0.000333284178902359 0.0556403115862607 0.0535325171959453
-0.211009620373224 -0.194859576190944 0.076 0.00370399617342873 0.0137165188982994 0.0662920343654975 0.0582309967400932
-0.211601787728895 -0.195057589701729 0.07625 -0.00352288729202603 0.00561500085460115 0.0683120139967414 0.0677298660115792
-0.212003510681381 -0.195401323517152 0.0765 -0.00272097814099559 0.00138238445307694 0.0615221488864919 0.0622928897264968
-0.212268877976988 -0.195760818470855 0.0767499999999999 0.007588379391657 0.00175507691241161 0.0559728606086239 0.0515492653166786
-0.212675240994171 -0.196172784225992 0.0769999999999999 0.0120168314714952 0.00666169064875405 0.0629990373321366 0.053859815628035
-0.213356046868315 -0.196659615045559 0.0772499999999999 0.00571914974109787 -0.00138599910962307 0.0623646282265931 0.0605117172901361
-0.214116953051573 -0.197047719910662 0.0775 8.78313369075859e-05 0.00208134229517577 0.0588534125879321 0.0577946173576621
-0.214767012647361 -0.197348740889233 0.07775 -0.00378047433539742 -0.0120980781389039 0.0540924035238509 0.0624485083388349
-0.215200201707664 -0.197343904517133 0.078 -0.0105217924845636 -0.0105618267032912 0.0580878045080886 0.0686296228595614
-0.215366282859257 -0.197141802317086 0.0782499999999999 0.00291244246999924 0.0113584818960158 0.0663625447386756 0.0596770390899657
-0.215543114039142 -0.197183830364912 0.0784999999999999 -0.000505304200068164 0.0091530168430501 0.0642340224449118 0.0604912421674811
-0.215685068993055 -0.197458036033375 0.0787499999999999 -0.00208087677823194 -0.00571955637204296 0.0655377414947824 0.0695094239136663
-0.215796662003229 -0.197624615593995 0.079 0.0070138752439418 0.00594556651339512 0.0718612434009129 0.0653880681010273
-0.216094261530262 -0.197870359189369 0.07925 0.00797763968236445 -0.00109500304680886 0.0640524046205866 0.0611182331008919
-0.216598179185956 -0.198138724718953 0.0794999999999999 0.00608920946898538 0.00041820803560624 0.0639860232089113 0.0609305687828389
-0.217210204492232 -0.198367442417125 0.0797499999999999 -0.000547358404100193 -0.00392022375827144 0.0573470838319582 0.059652433487149
-0.217746330480583 -0.198503843497533 0.0799999999999999 -0.00315786915531763 -0.000654843926861186 0.056799703528036 0.0587460665943727
-0.218095461138761 -0.198562568355143 0.08025 -0.0127060112233534 -0.00144775706712272 0.0537983706533246 0.0616510978148373
-0.218152005844103 -0.198644637978476 0.0805 -0.000671608356457852 0.00854679066349699 0.0646954960316857 0.0612801531129991
-0.218176679226447 -0.198952470674896 0.08075 0.00729733409291136 0.00290566151697196 0.071712212696669 0.0667192058510717
-0.218358017367092 -0.19935182747218 0.081 -0.0061718342173164 0.0035077144605617 0.0593748109931684 0.061282904777516
-0.21844992275773 -0.1998407821558 0.0812499999999999 0.00505710276543896 0.0128283458722923 0.0669375914316591 0.0583840626883736
-0.218584692587519 -0.200518651116596 0.0814999999999999 -0.00119804063689631 0.00342822471430475 0.0684161677906734 0.0674202235660568
-0.218725815762209 -0.201290789509615 0.08175 0.000112572547040969 0.0021911234852203 0.0714097902620959 0.0702809983504741
-0.218865366497538 -0.202068009578102 0.082 0.00642955769756321 -0.00252162933211018 0.0690883413691402 0.0675804514052533
-0.21908952741379 -0.20265562782355 0.08225 -0.00233284555062986 -0.00987175523312752 0.0666492814784602 0.0730439527547439
-0.219290427332127 -0.202920842655116 0.0824999999999999 0.00481405517771654 -0.000690848474869074 0.0662809156421878 0.0643960250657358
-0.219518898591078 -0.203090568027226 0.0827499999999999 -0.00549182072516832 -0.00369943816423159 0.0678501429921512 0.0724624000458554
-0.219653058323406 -0.203209825490978 0.0829999999999999 0.00639296575120031 0.00199052397609796 0.0724958552236717 0.0684104349661769
-0.219975307038236 -0.203394626747735 0.08325 0.0132422621908329 0.00599081375071076 0.0634250880274141 0.0541737730600148
-0.220594593305684 -0.203696964930902 0.0835 0.00322529646306803 -0.00647458515218742 0.0679586880252335 0.0700885577052174
-0.221252168695858 -0.203875744337415 0.0837499999999999 -0.00229833354966242 1.8192145785364e-06 0.0634147532191687 0.0645937329564459
-0.221762414698173 -0.203982505707636 0.0839999999999999 -0.0139727517305909 -0.00579051120562942 0.0613770919320441 0.0716101770394819
-0.221927769544816 -0.203989332678325 0.0842499999999999 0.0037597231212155 0.00459551973156332 0.0747141582755817 0.0705402505500077
-0.22210970737858 -0.204083550869287 0.0845 0.00705967091704177 -0.000151396180840175 0.0696320568992127 0.0664719237722509
-0.222472480388948 -0.20418891880329 0.08475 0.00356881278908207 -0.00118886060736273 0.0588601119343695 0.0578171355250267
-0.222882718271463 -0.204252582632477 0.085 -0.00688775823305741 -0.00272467387823683 0.0635043749319174 0.068405667123268
-0.223065440498586 -0.204288134984609 0.0852499999999999 -0.00643298575604472 0.0086448901109862 0.0695416257420652 0.0696702818405088
-0.223040736826279 -0.204510096476509 0.0854999999999999 0.00015593151508748 0.00395084911929201 0.0629895828342286 0.061024754060878
-0.223040939921566 -0.204848652935477 0.0857499999999999 0.00540352904984984 0.0134845998025729 0.0640662542031078 0.0550686970465634
-0.223179751005436 -0.205472258036094 0.086 0.00693787933844701 0.00782227607424298 0.0729116425779095 0.0655360405632335
-0.223462195411596 -0.206263822195962 0.08625 0.00567980323615104 -0.00198902027709066 0.0663058591515194 0.064801697763635
-0.223836075925926 -0.206917931270465 0.0865 0.0059250231694909 -0.00128902866215126 0.0614099409788613 0.0594212901331956
-0.224278820515397 -0.207423086243329 0.0867499999999999 -0.00241085109832784 -0.00607362753199591 0.0562688515699092 0.0605941752027669
-0.224592771768603 -0.207697643940298 0.0869999999999999 -0.00778699078295241 -0.00996668558233456 0.0620467986893717 0.0709487531195391
-0.224708547581691 -0.207761572023097 0.0872499999999999 -0.00564072760990634 0.00587497957760947 0.0609280704462044 0.0616232878092756
-0.224657184089414 -0.207986233416339 0.0875 -0.0115975440036622 0.0101650778023133 0.0585378779150887 0.0621792445529119
-0.224433949058352 -0.20849081791068 0.08775 0.0101017403737087 0.00561794298192658 0.0587522589182852 0.051040341514
-0.224434479968285 -0.209063636942757 0.0879999999999999 0.000654101065713134 -0.00634541368649589 0.061076984449137 0.0642094144712947
-0.224524961492045 -0.209406271101963 0.0882499999999999 0.0133981364561188 -0.00914067447082284 0.0583728519219832 0.0595348606919845
-0.224869887987575 -0.209499401657897 0.0884999999999999 0.00540696428255191 -0.00371157876944117 0.0590920798330365 0.0587772872499084
-0.22531198276555 -0.209447671499816 0.08875 0.00321103559022334 -0.00320342747840889 0.0609084071196406 0.0611574171846315
-0.225797033817789 -0.209340408062118 0.089 -0.0035314277942831 -0.00209666146298576 0.06241579371364 0.06524167169822
-0.226194703235602 -0.209196647076871 0.08925 0.000340886952577726 0.00204785337416864 0.0604840892455984 0.0593081452215673
-0.226494909224781 -0.209079681403855 0.0895000000000001 -0.00225637394063981 0.00193534585263764 0.061149935860271 0.0614178243963694
-0.226726344774824 -0.209059406367242 0.0897499999999999 0.00581840720105611 0.016544843484102 0.062001372592692 0.0516617753959932
-0.227028808126799 -0.209430829345658 0.0899999999999999 -0.00599743995937984 0.00741090785879048 0.0573122985209859 0.0577843212631523
-0.227238894238447 -0.210078311598915 0.09025 0.0013718586322778 0.0135042000042703 0.0557551622826449 0.049446340797592
-0.227370526724514 -0.21094314551155 0.0905 -0.0137260956420021 -0.00288599742165821 0.049999875077787 0.0590568479671651
-0.227232233821614 -0.211575527441157 0.09075 0.000965519581203747 -0.0146713132428039 0.0564244704835965 0.0647101855955887
-0.227091227426367 -0.211803831947577 0.0909999999999999 0.00304558234933673 -0.00197832927564281 0.0544011571579702 0.0540429516332089
-0.227082974861277 -0.211927570221742 0.0912499999999999 0.0065325962636014 -0.00373883685973027 0.0617937240358359 0.0610483870327357
-0.227237984739309 -0.211983139701831 0.0914999999999999 0.00305371179624187 0.004427493750669 0.0647411189996656 0.0610121171367447
-0.227464943417946 -0.212120124373444 0.09175 -0.00150526036918117 0.00138071074057444 0.0620551408782256 0.0621676761207398
-0.227623328425927 -0.21229156894564 0.092 -0.00197011569083402 0.00750079343079896 0.0643912826864804 0.062169369797086
-0.227705529219118 -0.212637375466619 0.0922499999999999 -0.00108166296487861 -0.000892796787301012 0.0561734735834738 0.0571609374732163
-0.227771525924607 -0.212961858216152 0.0924999999999999 0.00202675821584228 -0.0042592064915567 0.0527106553405966 0.0541014599490161
-0.227907332917247 -0.213156863297589 0.0927499999999999 0.00499391791089471 -0.000964838240261806 0.057284316681044 0.0555101640578393
-0.228183057105971 -0.213321901641902 0.093 0.0061686519931128 -0.00222053309237841 0.0687793310507202 0.067199167654041
-0.228586159863137 -0.21335041749439 0.09325 0.00455365747930986 -0.00648465870300918 0.065933944692857 0.0675789841606329
-0.229012903630394 -0.213190131200929 0.0935 -0.00299008133577061 0.00110494059801501 0.0717993490866115 0.072828316948475
-0.229305525926758 -0.21306140838229 0.0937499999999999 -0.00411092966282028 -0.00155630857754557 0.0629491661911269 0.0658199772863899
-0.229480773248675 -0.212975965785082 0.0939999999999999 -0.00362223795613682 0.00626700928418137 0.0750938435507775 0.0742669233708547
-0.229546217379935 -0.213056201816894 0.0942499999999999 -0.00429363180593429 0.00758060232768164 0.0746701040874691 0.0737471025494548
-0.229581658790254 -0.213329675633118 0.0945 0.00841369674018224 0.00337701884803964 0.0705432564654918 0.0647948832529778
-0.229787319701844 -0.213701292298274 0.09475 -0.0017806691779184 0.0048836952912297 0.0624667957560016 0.0611880869260877
-0.22991243215612 -0.214106763304469 0.095 -0.00742845261205158 -0.00729106564231667 0.0667387627347818 0.0740986173859731
-0.229884981815636 -0.214310907356364 0.0952499999999999 0.00661761490368523 0.00180560732158079 0.0592254767383344 0.0551714779012707
-0.229993085198048 -0.214519670826163 0.0954999999999999 0.011356285760222 -0.000596348395529544 0.0670285437205115 0.0625115661432524
-0.230319228895831 -0.214719599176233 0.0957499999999999 -0.00275270040624344 -0.00201511982215627 0.0684432269067819 0.0708300173473609
-0.230592666955842 -0.214764645881361 0.096 -0.0023866379014019 -0.00550224165011457 0.063913127153737 0.067911189281518
-0.230785027338719 -0.214676250299288 0.09625 -0.00380521060722743 0.000108008445176602 0.0609191395941275 0.0628591618777829
-0.230905037696648 -0.214654877365642 0.0964999999999999 0.000825680851212277 0.0045501561935302 0.0635248222776569 0.0609223493142011
-0.23101286532132 -0.214758701021669 0.0967499999999999 0.00246690079676812 0.00407441216669589 0.0579340892085299 0.0546811571483312
-0.231140589812528 -0.214945403866588 0.0969999999999999 -0.00333401070549704 0.00137887968960271 0.0551171420130151 0.0562429970198021
-0.231178958760739 -0.215098376854625 0.09725 -0.00147166425159755 -0.00698875095384613 0.0617347074662247 0.0661377252732011
-0.23118105008587 -0.215140725332736 0.0975 0.00262184036735517 0.0132511834973931 0.0684376625228339 0.0611974380534149
-0.231237622233928 -0.215510442768832 0.09775 0.00642142537152361 0.0114823854656213 0.0727194347255526 0.0639179769839605
-0.23145367652044 -0.216102300219101 0.098 0.00421842542477333 -0.0134184817286694 0.0570072745776161 0.0634724752949381
-0.231778923793101 -0.216355947228058 0.0982499999999999 -0.0034510307481431 -0.00825950168215099 0.0677913948858727 0.0737642985181236
-0.231973995588202 -0.216346069763715 0.0984999999999999 -0.0070473869866134 -0.00190406500164192 0.058600587695373 0.0632333904629279
-0.231977154992735 -0.21627316176642 0.09875 -0.000125544039176502 0.00395414164417897 0.0537130163016264 0.0519190717464248
-0.231947424813651 -0.216258034927273 0.099 0.00740654859335346 0.0137129578884016 0.0710713444912354 0.0607575573430819
-0.232083773347707 -0.216561090969768 0.09925 0.00738042450399592 0.0120344955619639 0.0714662929726141 0.0618902151323221
-0.232369740776163 -0.217110876130803 0.0994999999999999 -0.00600889418458598 -0.00638212188981289 0.0546626130494234 0.0608589794227936
-0.23249368313414 -0.217484427526223 0.0997499999999999 -0.00812286003682951 -0.0101878571872267 0.0604082523953271 0.0695865945157973
-0.232387827703634 -0.217621816528244 0.1 -0.00457748862832203 -0.00515111873486636 0.065658460524049 0.0705245138928947
-0.232191770855207 -0.217625896125368 0.10025 0.00409124524046126 -0.00143148847471306 0.0719330184854137 0.0707649548371606
-0.232079592644168 -0.217604694188012 0.1005 0.00630399164930791 0.0048851092467484 0.0710295315865725 0.0654465176847162
-0.232113312197093 -0.217679269307355 0.10075 0.00921575291229924 0.00203500253377148 0.0695763771926052 0.0642526475342142
-0.232378083058813 -0.217809481735286 0.101 0.00135217333380587 0.00410388451424049 0.0708254035244915 0.0681390590138425
-0.232668043570288 -0.218033688225267 0.10125 -0.00324799983215962 -0.00196375807939716 0.0692017767899196 0.0718162682221259
-0.232836697135128 -0.218244221393233 0.1015 -0.00960002778403079 0.00112295654739485 0.0676044160113869 0.0724406411732883
-0.232782187993322 -0.218505138741929 0.10175 -0.00714969895421404 0.0099550590523557 0.0696729960747109 0.0698588978591006
-0.232535316069088 -0.21899597610315 0.102 -0.00542785997827199 0.000792201321583117 0.0684052676630963 0.0709279445634173
-0.232182916429349 -0.219487276192708 0.10225 0.00318164185936799 -0.00617075779060224 0.0671098439136199 0.0690808547400612
-0.231909063058102 -0.219770085501007 0.1025 -0.000752696765406418 -0.00848933502842194 0.0713849460753629 0.0763007072971201
-0.231708798972787 -0.219788111056631 0.10275 0.014806935025785 -0.00957289920977454 0.0727053384256514 0.0731994187886715
-0.231839874393625 -0.219589128349674 0.103 0.00653373560635185 -0.00455847531176106 0.0721367162462834 0.0717946398417746
-0.232215510265707 -0.219354044613398 0.10325 0.0124669677528123 0.0125032763778591 0.080576953987806 0.0680918391827915
-0.232790504945356 -0.219379024000751 0.1035 -0.00746773351306125 0.00431826566396001 0.0740550666844481 0.0763154576256178
-0.233218431898115 -0.21956507239471 0.10375 -0.0064397272590144 -0.00151501735710166 0.0679664594712087 0.0720701360259361
-0.233402106196104 -0.219724201837908 0.104 -0.00614700122319995 0.00214642172387779 0.0756015656578263 0.0779335204569825
-0.233456559801584 -0.219851901118837 0.10425 0.00384783317436858 -0.00502833463628464 0.0673758088517669 0.0683993788089824
-0.23359450603766 -0.219880491923877 0.1045 0.00561076376902788 -0.00389188113350396 0.0693712245670176 0.0690042726148222
-0.233861094583765 -0.219838500205237 0.10475 0.00782506072637346 0.0017978200709881 0.0729474395143731 0.0683356429539671
-0.234268360808848 -0.219863477473839 0.105 -0.0123390704368615 -0.000849641609016506 0.0706371020105833 0.0778697845192621
-0.234389590981033 -0.219905961894487 0.10525 -0.00867805380414103 0.0062322665367023 0.0809419666910434 0.0831733281267961
-0.234250756136654 -0.220069705937627 0.1055 0.00279362519075163 0.00453481123005742 0.0750059714931725 0.0713576874490544
-0.23413875211501 -0.220360196075739 0.10575 0.000315538326699227 -0.00117447506021716 0.0737281435568381 0.0741688378709733
-0.234092233951899 -0.220652359323572 0.106 0.00834563224755011 0.00499564159963313 0.0728982673610863 0.0662911446678304
-0.234225651301252 -0.220949705462591 0.10625 -0.00124299746015268 -0.00406710163185019 0.0774905765693938 0.0801829349594299
-0.234336732949363 -0.221096863239489 0.1065 -0.000126169194738076 -0.00168547182175423 0.0821187518196457 0.0830355537028646
-0.234413178539374 -0.221184201634102 0.10675 -0.00301998491501959 0.00248514985900149 0.0742225178833716 0.0746423496364615
-0.234439944303569 -0.221337425517452 0.107 -0.00374290834597337 0.0069239351242704 0.0660934341218627 0.0651610538992796
-0.234337798755051 -0.221619218110956 0.10725 -0.00198024385559314 0.00267579377247635 0.0597825340203806 0.0595713823874034
-0.23413825670234 -0.221940357082541 0.1075 0.000922055990373459 -0.00232289283362445 0.0761743942563763 0.0769261600103023
-0.233943099660031 -0.222166475203011 0.10775 0.00219600143686425 -0.00148463334931212 0.0775593447927623 0.0772694346903513
-0.233842424350416 -0.222368931781807 0.108 0.0115644594420225 0.0127107057052074 0.0768691961826646 0.064739224669463
-0.234014557939566 -0.222807936704623 0.10825 0.00443014121102939 0.00202475061036086 0.0697757724346627 0.066580922125613
-0.234286313793229 -0.223290819571001 0.1085 -0.00637535467627801 -0.00298375624171141 0.0641772193399281 0.0689193923410936
-0.234354103458073 -0.223629573778627 0.10875 -0.0157613895999315 -0.0122789733432523 0.0574907404526627 0.0715744882740731
-0.234138577732604 -0.223649155989351 0.109 0.0103205928167391 -0.00248404646181572 0.0669859354043284 0.0640351396426414
-0.234165050078684 -0.223597723371889 0.10925 0.0153110871389657 0.00177600170761491 0.0743158970819752 0.0668086916312832
-0.23457427615628 -0.223656889378957 0.1095 0.0081767342114337 0.00254052873280484 0.0821575734899313 0.0769538992137712
-0.235183413986954 -0.223818283411933 0.10975 0.00105439447248301 0.00465219067053193 0.0729162167116194 0.0701321712352833
-0.235734082378001 -0.224038192343751 0.11 -0.0204513199445137 -0.00493900139690998 0.0564575201243197 0.0704454915603637
-0.235699470432836 -0.224128941242808 0.11025 -0.0237581566890467 -0.00586301613372073 0.0540074796387578 0.0705415002427847
-0.2351143122643 -0.224072589668167 0.1105 0.00244901973594785 0.00200894896208771 0.0714166379490155 0.069188703249792
-0.23456181461265 -0.224068152503646 0.11075 0.00912758975484467 0.00992149895032384 0.0834594071761703 0.0739380596147917
-0.234246132604827 -0.224316650012107 0.111 0.0095707946113746 0.0040668363813146 0.0859545530265573 0.0792791594405453
-0.234286611103498 -0.224703283759899 0.11125 0.0206953721641997 0.00482515094449436 0.0782896601366521 0.0669552090559831
-0.234874470850711 -0.225159802654887 0.1115 0.0111866758256292 -0.00346987795287689 0.0725561765736061 0.0698605437911198
-0.235646206064974 -0.225466421461196 0.11175 -0.0170073341262998 -0.0152152482377741 0.0642273031501401 0.0803535837293148
-0.235890390221585 -0.225305792835755 0.112 -0.0216662954378348 -0.0108715302728422 0.0627562282970523 0.0795761782845896
-0.235560438951211 -0.224814883459738 0.11225 -0.000475878280369208 0.00190729134772458 0.0805182874813728 0.0798292649911086
-0.235238297666087 -0.224460441315524 0.1125 0.0110771834371184 0.0065767937618461 0.0763515829747613 0.0676369793527767
-0.235263969055965 -0.224333094838598 0.11275 0.0159864599736643 -0.000868979848684009 0.0797768183793111 0.0736785601411841
-0.235654397909117 -0.224204340922486 0.113 0.0047976467407302 0.008131925817493 0.079325446612961 0.0729178571202273
-0.236168209136281 -0.224260026584026 0.11325 0.00468612870567621 0.0142279919398121 0.0747185174044674 0.065782544386135
-0.236730284950552 -0.224725857696033 0.1135 0.00269147729458517 0.0172117507765877 0.0736550187801322 0.0649326769241922
-0.237254866452375 -0.225488902792799 0.11375 -0.0111874764672436 -0.01108218154998 0.0680447510714334 0.079179632588924
-0.237461349365247 -0.225831328417439 0.114 -0.0138678042395574 -0.0316346542787262 0.053790221637675 0.0780726547878676
-0.237316595390901 -0.225417225741126 0.11425 0.00551918370758981 -0.00630225435355223 0.064732314601375 0.0659236348159379
-0.237265276914239 -0.224800043562459 0.1145 0.0103340701092525 0.00617604232528034 0.0700338138914349 0.0618836149239267
-0.237499580708582 -0.224456379105423 0.11475 0.00232216053432003 0.0208908367831916 0.0766912771234066 0.0670419658946486
-0.237787447309951 -0.22461709322219 0.115 0.0018311437985118 0.00217460689578352 0.0680704820965969 0.0660682763266476
-0.238071474860187 -0.224849139085792 0.11525 -0.00364796889655337 0.00223907424556522 0.067745593732227 0.0686396465500921
-0.238222835937928 -0.225107900464805 0.1155 -0.00767691466257721 -0.00428106512282203 0.0719287337553267 0.0779632108727554
-0.238115724205924 -0.225254823530428 0.11575 -0.00778931146615056 -0.000684781285552029 0.0600330326321738 0.064563912656476
-0.23787015226709 -0.22534250815908 0.116 0.00233891164882229 0.00547767469093355 0.0747566766492305 0.0709005099890917
-0.237668966226124 -0.225582482151189 0.11625 -0.00420064516795444 0.00409200606893113 0.0715838452882343 0.0719972409868776
-0.237395033748983 -0.22593660012189 0.1165 0.000998476888200935 0.00662512938887088 0.0620968002989118 0.0584883348006891
-0.237217700690115 -0.226445690332948 0.11675 0.012639038179867 0.00936466951461094 0.0591075816949753 0.0481892329195795
-0.23731497375109 -0.227123950066918 0.117 0.00544105779448096 -0.00209357565882567 0.0660019826913554 0.0646583381810245
-0.237528804048593 -0.227634864475454 0.11725 0.00154020336511516 -0.0162079074789278 0.0604305706751143 0.069485707646273
-0.23777131579032 -0.227729246863034 0.1175 -0.00415416281340997 -0.00643821552942813 0.0585012596979004 0.0638281063078061
-0.237882315090085 -0.227642256398358 0.11775 -0.00433973589305327 0.00340881750049929 0.0743812343101578 0.075146906713555
-0.237871983864686 -0.227646331120324 0.118 0.00749143207897653 0.00934605752226485 0.0724275311950942 0.0640289345713679
-0.237971290504246 -0.227850305556033 0.11825 0.00752110906206005 -0.000283569377698656 0.0729271224888015 0.0696371488556889
-0.238205197092489 -0.228053690881562 0.1185 -0.000486888976819801 -0.000989995293936861 0.071221113084497 0.0719608742610665
-0.238468167613656 -0.22813799528081 0.11875 0.000594410165184234 -0.0106333998013582 0.0664018739405798 0.0720802310127059
-0.238727922348842 -0.227969741451506 0.119 -0.00295121527288043 -0.00462712567915298 0.0793095642488356 0.0831114084806578
-0.238896757616712 -0.227680915148246 0.11925 -0.00211367410462637 -0.00249095430512752 0.0783413883958891 0.080644364492648
-0.239003780079925 -0.227340112942617 0.1195 0.00151317281469966 0.00584236629663141 0.0764111624835849 0.072829958698053
-0.239109167022029 -0.227110400349244 0.11975 0.00400924858712041 0.00614298128148416 0.0600434774180668 0.0549984140664966
-0.239354583384542 -0.22701205684161 0.12 0.0170799167732361 0.00938003203592756 0.0721208370780319 0.0592671905454361
-0.239971817928373 -0.227173347179077 0.12025 0.00137143465622521 0.0156864238566565 0.0826221578653531 0.0751232035562174
-0.240608077172996 -0.227652479668302 0.1205 -0.00956528297972725 -0.0128840244233224 0.0634623841624239 0.0747423183910426
-0.240896167076082 -0.227782059252878 0.12075 -0.0189237237786388 -0.016583778691788 0.0608312605167173 0.0786111352119291
-0.240713038288478 -0.227506307338131 0.121 -0.00517430796310857 0.00509442876235376 0.0674854243402613 0.0681084428743482
-0.240404631684843 -0.227360128664151 0.12125 0.00591524276454331 0.00748076575269949 0.0727666112554096 0.0660825164257982
-0.24025280411431 -0.227433761113461 0.1215 0.00446800176292553 0.00167277415579687 0.0700904217048644 0.0670637375656929
-0.240234133699791 -0.227563121757225 0.12175 0.00176003225868269 -0.000179928489876796 0.0687077637279353 0.0679384881185956
-0.240272071339637 -0.227664050469069 0.122 -0.0021154524917661 -0.00411242876911853 0.08223173243958 0.0853631937515482
-0.240378447831477 -0.227716135532977 0.12225 0.0114191745473617 0.000857540878027658 0.0942410330877754 0.0885761959420857
-0.240721126718393 -0.22778310359591 0.1225 0.00296795910964195 0.00142135319189948 0.0799475806212945 0.0777644601094714
-0.241099709122845 -0.227850775428358 0.12275 -0.00368990351706759 -0.0019684970716804 0.0719581675303231 0.0748022246745323
-0.241390171011478 -0.227907569706481 0.123 -0.0014184057761869 0.000509150112648263 0.0827014305674973 0.0831728119777171
-0.2416035953564 -0.228016927613723 0.12325 -0.00334855675788144 -0.00105131313462236 0.0705555494181107 0.0727826799540348
-0.241737641705513 -0.228140219464832 0.1235 -0.00205944540783753 -0.00583048338589806 0.0747115784187521 0.0787243118310946
-0.241820282403188 -0.228124489314768 0.12375 -0.00659248070527951 -0.00747739986800011 0.0735961435436859 0.0806347257147715
-0.241768812362028 -0.227961290592016 0.124 0.0009209644902598 0.0081867691593832 0.0730961117226268 0.0688304676269754
-0.24173522647184 -0.228056202556997 0.12425 0.000776932467045947 0.0125402669131598 0.0781506983152405 0.0722142797083427
-0.24172602018905 -0.228445842789958 0.1245 -0.00128520109884852 -0.00170513027075687 0.0824677589399007 0.0839637122030445
-0.241713602819995 -0.228759925799907 0.12475 0.00262295747995803 -0.0107014874027455 0.0817153447754541 0.0865275026491186
-0.241790740338602 -0.228841863920404 0.125 0.0023001787908989 -0.00789770445433969 0.0767109849499054 0.0799987350481893
